9255
4940
3865
1476
373
9017
4070
6355
4837
562
1499
929
8728
1388
9031
4011
7387
2706
5966
5049
4627
2601
9065
8839
9984
7298
109
5645
4191
9999
6519
2505
5450
7345
9994
7923
4513
9304
7758
4097
3292
7955
9453
3694
2589
2072
5204
4699
5607
6045
1438
842
4002
8635
5236
8674
2837
1440
3581
6337
720
2414
9022
4767
7012
4572
5278
6507
880
6160
9348
9074
6533
7226
5946
3445
8108
5145
8802
3383
1893
6321
5128
7531
8080
1442
5716
6774
7841
5354
422
3714
6323
6793
8065
2508
1759
4731
2108
8431
6318
5697
1630
9754
6476
4937
4462
9746
248
9414
7630
6579
9791
8119
2626
9148
6835
4470
5921
4359
3639
2310
5604
5866
3488
2949
4532
3900
2759
7581
9199
2675
3171
7714
4429
2066
1820
9667
6940
5805
6617
5370
3105
7738
7233
8888
6498
7272
509
4285
9053
9402
3116
7004
4629
249
2433
6249
554
9272
4098
8846
2124
599
8350
7370
9103
9707
2572
6400
8751
1551
2033
9696
5784
2012
8888
648
1831
3720
3729
2251
6112
9724
661
949
6303
5950
5303
6379
9661
2181
8724
410
1487
5145
6791
2403
9026
5012
7166
2240
2059
1137
1483
4712
1845
499
9464
573
9916
4673
7022
4319
5748
7089
1921
82
9972
4170
2088
712
3760
5076
1212
5304
8267
8423
7674
8808
2751
6598
3988
342
781
9937
5278
8679
9925
8236
5612
4758
4401
3930
3675
3852
9125
1846
6493
7810
2209
4714
8268
2058
1470
5094
6499
5467
6351
4372
8352
940
9631
9332
5944
6181
2085
4473
9827
1089
9214
5961
8772
1769
3352
2898
170
4399
2826
96
6341
3363
8972
5111
5130
8091
9923
7552
744
2355
5004
6949
8202
9416
9896
8532
6738
1912
4824
4429
8458
9640
5515
7112
3781
7100
2468
3407
887
9336
6344
3941
6344
4409
5700
3465
4945
2704
6454
4087
953
5433
257
640
6747
9145
4147
9635
8662
2126
5413
5563
7551
3095
7414
5745
1867
3334
5077
1644
8732
3860
4320
840
5068
5916
1007
5721
6868
9337
817
1362
3562
8127
416
2217
9596
5834
5620
5144
5358
8026
6061
9248
3911
845
681
8751
4299
2562
2292
1993
8646
7746
81
5942
4683
110
3760
1767
7415
8493
6861
1745
5926
7119
4565
1328
1932
9851
370
5923
2441
7394
2449
4728
8302
4979
8172
9579
1748
1109
614
5771
7634
9171
6737
5931
7120
7311
2068
1983
98
9267
7790
8771
1864
2854
9767
173
3400
136
3119
3164
6750
8782
1263
6458
1374
1165
6516
6550
2781
2528
9479
9547
7584
7739
418
3132
9444
8016
1902
1359
5545
7804
6709
3653
9617
4454
2061
2742
2005
2431
49
5035
2294
6648
6704
2275
2592
8343
1113
3410
1259
7114
9125
3827
1298
913
7347
5864
9594
4221
1445
8969
478
9234
2270
6844
9532
9067
2376
927
9731
6142
3577
9555
8132
9511
4341
1837
7222
440
8175
5536
3152
304
4882
6592
3842
8669
1882
9767
9770
4295
3132
48
3122
4907
1906
8684
2519
4269
6579
4327
5005
2720
9585
1833
1112
7983
4138
4520
2928
7944
6467
5013
1824
3025
1272
5897
6237
3770
7053
2001
9500
3627
1543
155
8686
1772
9975
1300
8874
3287
8665
8674
6873
9373
8175
3030
7108
2945
5622
7875
2880
7574
9113
8863
7877
507
8862
1475
2805
6041
8431
2256
63
8084
2967
9389
1843
8059
8441
6276
5934
7085
3305
3016
9222
9796
1909
6864
3891
2297
4058
345
3564
5871
3487
1859
3436
4270
9252
7224
1070
6645
4431
5154
990
9287
4008
293
5779
7819
630
3757
3060
7164
6753
9083
7307
4477
4407
9897
4044
2766
2486
572
560
995
1384
7719
3875
8672
5516
8193
2903
6662
2331
955
8850
5089
1841
6913
200
5819
4165
4499
2517
6628
3019
4049
3107
8116
1984
7161
1864
4391
4983
1727
546
2318
1298
3770
2949
5409
1135
8811
4153
6368
7764
1226
8544
9378
9491
2094
4285
9066
166
3415
510
6138
1906
4455
9468
6683
9113
8499
7325
10000
1314
3430
8584
5161
594
5765
4897
4950
8580
8414
1099
2367
2357
798
3989
4954
4021
7438
4938
2618
5568
3384
5623
2061
3127
3877
9933
659
2480
430
7704
2306
9023
9880
183
8140
2530
8888
1582
6088
4860
940
7184
6415
4491
6662
1374
6684
5650
8463
284
4389
7758
4249
1293
2747
2101
8091
9854
537
8351
3420
2639
7988
4151
5893
8204
826
678
1147
5785
2731
1790
1392
2479
8588
9479
2157
5003
394
3626
3682
4523
7744
7078
7816
5820
7994
2871
1299
2441
4504
7487
461
3421
8547
2900
3332
6570
6097
1124
57
1301
374
1524
4217
7912
1411
2513
393
1357
4923
8070
2083
365
5267
1476
4476
3988
4035
6115
1220
9902
4859
7753
8468
9528
1745
4809
7074
8739
29
6130
2305
9781
5859
7072
8270
4848
6681
9281
8823
6401
7964
2519
8662
2021
3775
9756
8940
7528
2639
7321
4559
9297
8677
9025
6558
5564
8016
2491
2578
2248
5155
5716
4796
2262
8400
8281
3226
6994
5664
7583
8066
1282
1153
3593
7876
1439
219
3957
3775
9233
5157
7844
8741
1398
5410
7264
2151
8806
9664
2543
8496
8618
4859
5127
3562
7331
8464
9230
5382
2355
3504
5228
7572
5314
4014
2383
5232
8777
5446
5624
4613
8144
4165
8280
1963
5036
3098
3137
212
987
9139
2425
7438
1486
8816
4914
7480
2040
1411
541
9363
3329
8752
5931
4890
2607
9447
6049
9326
2353
5792
7438
2801
1469
6466
9996
1922
3010
249
240
4330
4073
2088
9408
9133
9920
7593
368
607
8563
558
7477
36
9355
4800
7240
2722
8858
8985
7748
4498
4739
5027
7314
8447
7306
7147
8258
6312
4666
7701
2713
4652
6345
8229
5069
5647
3775
1095
4050
9501
6349
8786
3404
4318
9313
4952
290
9068
5292
1651
9006
8332
6264
7302
2084
1909
6053
6301
7134
8845
1825
816
1544
4130
1521
298
9892
6327
7855
903
8432
7425
951
9689
6232
5287
7658
5167
4750
6624
9197
4379
8288
8367
7346
9538
9034
6462
3708
551
3707
7361
8195
4625
911
3976
3716
4727
1715
8192
3754
4507
2838
8397
4539
2371
1873
9226
8320
2197
4813
1541
3873
4792
2921
1173
4589
5490
9744
5301
8156
7009
6018
6111
9416
8614
8687
7955
1760
611
4084
4455
2824
2526
2242
2007
9812
3638
8842
609
9025
7534
2229
808
4318
5497
4249
7952
1478
2644
7724
4262
2993
8524
2492
2105
1470
8617
882
4975
756
2051
3564
2853
6956
2084
7498
2986
2862
9037
9637
3191
534
4435
8053
4173
1005
6757
8043
9752
5540
4166
6967
9997
7538
7954
6395
7536
6947
1694
247
7603
9059
6183
1464
5995
1389
2463
1520
9451
4654
9812
9452
7839
8581
3153
3606
5835
8154
2058
3487
3979
4463
3184
175
7523
822
5938
3063
9726
2791
5550
8851
682
1191
6478
8151
4460
3330
3511
4281
2285
7269
5700
2822
6697
3847
4543
6902
2070
8773
2659
1716
2007
1782
6893
417
8251
1655
1500
6
906
8964
3876
7574
5299
3965
8954
2281
548
6382
5681
471
5270
5078
3737
3689
7729
7653
6953
7154
2647
2630
9372
5283
4513
392
1510
4982
398
1492
3921
7421
6488
9924
5150
244
2289
6637
7983
2231
3816
382
5242
589
1968
244
7150
9537
8637
5481
7233
8027
4303
4379
1818
8972
2476
9086
8669
7407
8279
4369
2133
6078
5529
1158
8248
8053
1903
1305
7951
8624
8858
8774
990
1853
9508
6183
3732
7405
7185
2510
2532
2770
6645
8729
540
2845
2975
4150
8026
9881
6676
4165
2182
1203
6717
5963
1555
8490
9767
9500
5657
2356
4879
1996
1398
9970
40
148
5268
8051
2006
9545
6747
5859
7832
951
4890
7717
7694
9944
3197
7096
6960
4689
3997
5061
1798
2038
770
7934
1370
3244
682
8589
8795
5845
83
2567
9519
2058
2066
2888
8596
1540
7607
4238
4761
2883
3962
6728
1824
5787
3496
1918
5966
8513
201
9877
7293
1900
9495
7912
337
7639
7252
5164
4137
7980
1481
1060
466
4
2498
2576
7048
5895
9826
9457
7225
8996
2795
4599
2886
4265
649
3601
5533
7344
1974
7240
7970
6154
8385
4212
193
4388
7734
228
1007
7019
3675
8435
1757
5704
5058
9903
7324
9922
1362
828
5077
941
4679
4028
1930
78
4446
8821
7806
131
9229
8288
1935
6643
9870
1171
1395
3917
8396
4757
9875
9997
7629
9127
8290
6939
3334
8280
3937
3333
1714
2961
157
5074
4143
8771
8623
4600
5607
1912
873
2036
7650
215
6512
2095
5170
2596
8525
6857
6429
7360
4552
364
8013
496
441
0
3773
64
8217
2965
5524
7927
257
5282
8598
2121
1363
4742
4001
7634
2009
1302
6823
1782
3996
1216
1761
2608
5342
1369
7032
3020
1313
2336
8375
9483
4672
1875
126
427
4328
495
3111
4977
2112
2930
4171
769
6284
9629
5894
779
1085
6608
3866
6451
3099
9351
9703
1490
5882
8981
1364
3765
9100
9159
2127
1599
3623
4659
2280
4289
4053
742
8886
6827
6004
2707
8612
8856
4323
3259
2605
8685
9276
1557
8590
618
2904
1331
4708
2863
26
4352
6119
8661
5947
5472
6934
7954
9316
5832
6685
4143
6674
6814
8134
2370
4733
5988
6548
4965
1821
8958
7752
3390
4062
3601
556
8174
7851
7251
5011
1573
4668
7266
6184
5707
2982
952
6286
4344
4755
3071
6749
7775
8870
9437
1161
9974
7142
5735
3526
8484
8337
6645
6684
89
4112
7320
4538
937
1377
3652
2313
567
4273
1914
3795
3939
3759
6418
3604
861
8360
7773
7027
959
7924
748
7051
6246
9781
7265
35
1285
13
6034
6794
9493
4881
6044
9778
3009
4372
8117
849
1329
865
4043
5052
5959
6755
6679
9498
7009
2887
7611
4536
7271
3327
4092
1713
4219
5706
5207
4389
8427
705
9668
7406
1187
6544
1580
8542
7158
2872
9307
9416
6681
6831
6167
1883
2578
8928
3663
2547
1344
3082
464
3653
6368
290
1979
3555
7785
8581
898
4918
4100
8834
6774
4156
816
5617
7004
6622
1332
4315
3187
6383
6718
6285
1149
8866
5169
3537
2758
1030
8738
1149
8594
2021
1652
5119
9341
9168
4006
2163
562
1298
4362
5052
7151
7950
1103
8069
350
6687
9054
7363
6668
8533
3732
3725
4393
2830
9895
7269
1688
226
7407
6214
385
7934
3451
4774
9920
2738
5186
6132
9555
5990
9352
7716
7326
1989
6205
6397
3078
7190
364
4869
7939
3151
682
8908
2216
4672
1314
9210
2496
2090
2661
5264
6093
899
1797
1964
5644
1201
6565
9029
753
2762
2221
2414
7647
5527
1960
6225
3102
77
3525
5169
1509
3604
4022
4888
8377
6461
2890
3583
5201
3544
9241
6842
1836
3664
7820
3357
1537
9205
5669
7809
1666
6625
1564
398
7341
611
1147
9929
8920
4519
3116
5062
4754
7952
9496
2973
4110
7202
2774
6519
3743
7519
5724
4726
738
1927
3228
4821
8120
5472
8434
1728
8814
6291
2318
3978
3309
6061
1472
3681
540
5318
8285
9137
2794
1132
5335
2539
1334
6891
311
5180
2627
2793
1830
779
8292
6693
1040
9947
8500
6674
5136
7010
269
7704
5156
8241
7290
8973
3198
5549
3487
8548
7445
6264
5958
8031
3427
9788
8746
3956
2259
334
747
1571
9593
8801
7199
1852
8625
4185
5416
1528
5865
387
1124
4708
3960
3306
4720
6510
1740
8128
7012
7030
6389
1768
9399
1026
2957
7733
9392
2791
2000
7365
9413
8784
6523
8699
5772
2535
1650
6607
5738
242
1172
3612
3086
5660
8880
3274
2683
7802
9487
6261
970
4765
2120
8936
6777
3884
4021
3714
9999
6259
3014
6973
634
6670
7257
2397
1610
4474
5096
2493
3460
9646
6958
4085
9440
6098
7198
5364
1647
5038
9699
948
1772
9824
4756
6576
7937
2255
3703
8879
7854
7197
7632
814
6757
5240
9723
8071
5696
8238
5147
6985
6779
7371
7833
6737
8934
4436
5651
8589
8514
8743
8647
811
1897
8620
9336
7326
8206
9454
9394
7243
8401
3258
8844
7713
1688
1888
8713
8096
6779
9119
9730
2130
1049
6203
7859
8157
1919
8004
7165
9724
6506
4135
2473
8371
5832
7313
9235
3123
4083
5215
8321
6902
5276
1642
7006
7364
4913
6185
5789
5518
3322
6494
5975
1055
2257
695
9415
9314
9234
7182
3748
4200
5182
577
6330
8223
6994
1834
4953
3342
6414
4353
5027
186
8206
9315
1920
2252
3144
7087
5293
7235
7644
4371
2777
3607
5166
5385
6715
3053
5273
3224
134
6716
651
1288
8849
1520
5336
2185
1888
2876
7608
4446
1641
9355
6177
7326
6567
5540
4466
8622
3266
8533
6881
5193
4865
5437
9999
2695
451
3904
6488
5229
2970
9394
8006
1315
2400
6492
2983
3214
8987
5898
9444
4324
8056
6954
9009
5896
4903
91
9036
9167
6250
1366
3832
385
3867
5987
3413
3964
7090
4820
9835
9148
1799
783
8175
335
2702
2012
3606
4249
7745
3744
4355
5495
3069
7
4574
9702
5455
5204
4138
6562
1074
9167
6192
4700
376
504
9641
5048
4309
9142
2993
215
84
4417
5089
5806
3192
1314
8055
2755
1499
4893
2238
5392
7968
511
3573
5200
4439
1249
392
9197
8522
259
353
6462
1155
6679
3700
3732
6204
368
1205
6422
6347
787
7473
6002
5466
469
2844
3572
7511
9604
1007
9341
2961
4714
7205
8060
3881
8595
488
4527
9486
7701
3951
7735
4178
3794
9542
9743
2899
1035
1180
63
9967
2383
5697
8424
7724
4645
2209
8410
8768
4557
252
1752
9275
9236
9921
8145
5616
8344
4819
4281
9708
5217
5124
9369
7997
2932
5044
2498
6757
7422
8087
447
2946
4148
1266
6342
116
2535
2479
4904
4812
836
9010
4164
1864
4452
8494
5811
4772
2501
1262
7380
6751
7851
9231
4321
3119
2901
6372
1932
2404
6523
6901
7252
2790
4371
4751
3838
1055
7049
9595
3357
8144
5995
3303
6650
1333
4408
2057
123
4656
8006
3448
6957
1666
2968
8453
3993
8925
1568
585
4079
1723
2350
1251
2555
1246
8148
4143
3630
3979
9142
4245
4762
3606
4763
7832
2695
7661
463
6548
2707
9644
5196
766
2881
1319
8736
3042
965
6972
2097
8637
4056
5913
9162
520
4481
990
9483
4531
8354
2515
6288
3316
5023
4487
9554
1161
5782
5480
9583
2887
3565
5989
3500
3167
2354
3308
2937
2345
7968
7341
8150
7559
6115
5649
4040
8448
6052
2849
2176
7671
7508
7320
6192
5054
9737
6355
7526
1781
7446
9786
6800
1652
8030
1747
2755
108
889
5179
9296
6406
541
1601
7308
8834
2312
4021
7360
7686
1573
4434
7249
7520
2935
1487
9674
1481
9129
3660
5825
1777
7127
4042
1509
3043
3655
2732
5359
9704
5899
5129
4532
8020
492
4249
9799
2507
8380
6347
987
4395
3485
606
4993
8747
442
4122
6899
2966
2085
6945
2270
8707
1369
4391
1560
8056
3275
6188
8455
9025
4363
5570
6963
9961
5069
752
3032
7452
9741
1358
6533
5144
4029
8981
9663
7446
3407
8146
7210
7078
5032
9053
7773
6557
54
3392
8352
3650
2555
9000
2243
4347
3199
2016
6776
9222
4090
6881
9634
9263
8979
7365
8533
5894
7268
122
9393
7953
6527
659
8535
3914
9182
1299
8027
7306
4917
9239
323
6413
5857
2533
7535
4170
7181
4540
3834
4576
795
9420
4202
4769
934
7529
1580
9593
2057
7073
7096
531
9817
1781
4303
2020
1046
6592
3498
2254
2128
2442
2101
7570
9933
5147
1826
2087
4942
8199
3062
7180
1784
3845
9543
6293
2251
2535
7845
6003
3170
7380
4840
3412
1519
3312
3407
1630
5426
5946
7046
7642
6198
5992
8039
1653
143
2030
1107
3224
3630
2393
864
6175
7543
3878
8087
9155
9492
1986
8976
9906
2452
147
9665
3613
7179
5084
8712
967
8838
3879
6093
4754
3011
4156
9401
7538
2691
5814
8425
9048
8326
879
3353
9265
9183
7649
6016
8294
8245
8523
7201
2215
1423
9770
9655
2772
6980
7032
2894
3293
5009
8726
5714
7396
3085
9617
2248
6064
5090
539
1927
3744
998
4342
2217
6538
4506
5807
6583
4449
2485
4104
6679
3050
9828
6616
3244
48
8099
4366
9053
3361
5944
2017
2223
3558
6800
459
1598
8076
8858
7332
8406
1372
4277
7462
8
3792
3273
9690
7091
9628
4633
3852
7007
5299
696
5715
9347
1020
6001
5432
1935
2083
3945
5921
1672
3895
8459
5242
3857
1410
6964
6465
1812
795
1422
994
9815
7602
9054
9583
8256
25
6353
7040
2542
6758
4273
4580
7315
9314
8971
595
8155
7918
2289
5724
3205
6301
3953
5887
718
3626
6515
4948
7577
2409
1562
6727
4148
6564
1731
6719
9068
4904
9484
9078
1192
8879
2169
1489
2264
5022
3054
157
3686
2037
8711
163
4045
2845
9746
6717
8660
5511
2045
7510
1092
9311
947
1109
9679
5568
359
2638
6444
9600
3059
8812
3128
4390
7098
6282
6278
7773
2862
5896
2899
1743
9677
1630
3194
6831
2116
1748
2816
2180
5467
6874
4126
77
1022
2691
4846
9486
4089
4400
3021
9037
2158
9601
1526
3484
8523
3455
4915
8905
7322
5246
3741
4424
6391
854
1476
2698
3508
9390
6888
431
2581
1666
7384
6447
8755
6348
1542
6378
1340
1783
1568
3840
5747
8403
5691
5195
7633
2100
7261
7135
3268
281
5157
5602
329
4096
436
4079
895
1082
4164
3093
2808
8762
2490
9109
2680
5789
635
5111
4903
6988
5906
7353
7054
3891
5950
3567
4277
473
650
1735
6799
9623
1996
7994
8005
2694
5018
4882
1304
152
8043
9794
1893
3251
8251
9190
7036
8237
6655
1823
6652
1433
5157
3847
5165
3129
7891
2723
3359
9717
4695
5154
6337
2495
5208
5856
9105
1471
3159
8942
2856
1655
9988
8406
7029
7206
9563
162
3096
7974
6197
8730
8604
142
3067
9462
81
7340
2970
1627
9812
988
832
6657
765
7921
1443
5703
3486
5665
1127
3762
3388
7813
1036
3476
5721
7535
6429
2671
3759
6481
1591
9031
9366
3423
9200
2296
9931
1380
7503
3157
4194
3129
296
4088
1591
3385
8586
5234
2438
2259
4436
4477
3438
10
4194
2833
8221
6047
1354
8995
5690
6550
9010
1829
2274
9432
8866
777
3388
2862
2921
9526
8005
9985
8867
5071
4779
966
1952
2345
1328
22
2788
5903
3177
5431
3325
2780
8173
9514
9266
7740
6801
3699
2671
5536
2856
2642
5112
399
2079
9951
9068
2554
9581
8981
4112
9765
4353
4726
2197
1194
3758
3039
5947
3287
8927
3757
1058
8302
3917
3990
4209
4987
615
3345
745
4233
2295
4652
5650
5337
485
4969
5735
7943
2675
8289
6857
5826
3087
9149
995
2061
9978
5122
698
7594
3803
9276
6327
8868
6804
2841
988
6805
3394
6335
3911
790
5520
1703
60
792
1031
814
6679
6232
2046
5169
9245
4039
4688
4022
123
2543
6253
655
9479
4112
3418
9735
5382
4426
5614
282
9636
6281
7590
3357
8777
7532
8057
3683
1873
5807
820
5702
7376
2671
6997
9524
1818
9242
3737
6674
7172
7492
127
3428
4078
6989
8830
7760
9565
8598
4947
4594
2511
3221
3690
4027
7266
9305
5737
8540
9211
5249
6318
925
3810
7162
8992
2444
3414
5870
8246
8387
5508
4280
4651
3545
6422
9951
7530
1842
455
375
5577
2141
3009
1363
8146
695
5476
2906
3538
3051
1438
6862
6723
2638
2874
451
1145
2725
1731
4947
9556
2893
9082
428
261
449
7729
8547
852
2096
8895
8569
3905
9325
4084
2150
729
6845
6742
8416
5115
4085
9659
2013
910
5987
2176
5681
9198
2043
289
8259
6220
2456
1795
8473
5979
5121
3749
5864
5775
2498
8832
9224
5337
9732
6244
5984
5124
3193
4401
9984
1084
8700
2266
1178
9653
6307
9344
1294
5886
2145
5560
5228
531
7578
66
6523
5811
2424
7006
9909
9102
132
164
6053
9179
5570
6826
9981
8395
8826
5924
7023
2270
5227
1562
8642
4290
101
6865
6720
9033
8417
5117
5685
3483
893
386
7809
5336
1690
7333
3379
8479
8944
1876
9998
5344
7801
8202
5845
6559
8282
999
4211
219
9066
687
9758
5557
8603
7904
3326
1044
10000
117
9399
3423
9544
9455
418
5534
2206
8811
2279
7869
4554
3523
2869
958
8417
8140
6090
4986
9648
8762
4049
7056
3106
1839
1303
2006
4666
447
654
2291
2551
4044
5932
6528
2861
8093
3734
4095
4214
1617
4578
4561
1016
9617
3484
557
6539
9366
9160
8554
9767
4639
5654
7179
4545
1995
7346
908
5418
2452
7799
2081
9575
9263
6594
4551
9883
8927
4424
3161
5936
4757
6822
77
2712
9416
9102
7501
5307
1021
3103
2647
4412
9374
735
9464
7716
2264
4911
6682
8182
1247
3547
5748
3506
1595
4980
5056
6236
9384
7660
492
7535
3455
6900
273
4564
3376
4763
8702
7341
1207
4571
9480
7056
4764
309
4344
5616
6660
849
640
474
8827
93
2433
5510
2898
7783
9547
3734
8385
8586
5592
3793
7519
1962
900
3942
7116
535
939
8240
2313
318
3425
2398
8019
641
8405
2428
6539
8828
4957
7686
3264
718
4773
7278
3187
2865
4849
7037
5319
848
4218
3766
6793
406
6218
8163
2381
5877
9661
433
2268
239
6413
1304
587
2443
726
3521
2454
6650
2052
9078
5012
5513
4372
4701
114
105
5351
1330
2726
4795
1992
6450
2537
8072
1782
7393
2199
560
9826
3403
6715
438
9493
2433
3948
836
2375
8696
8146
3870
1748
7117
8415
5293
6834
209
5611
6279
5096
6150
3351
9926
6576
4245
7308
5086
7144
4050
7973
730
3559
3646
3796
65
2780
8812
9341
7088
4105
5586
664
7109
7519
8873
7187
3737
7682
3131
8604
7448
8241
5918
2916
9383
7882
313
2576
1055
7197
2808
9224
2882
7137
4961
6597
1951
646
7871
9154
7274
6966
7511
5652
84
841
2401
1657
9876
9429
5584
9226
4445
8108
6510
1286
5911
9020
8346
220
2182
9402
9210
1385
7049
3155
3365
2347
9367
299
3728
5073
1930
9079
9655
2351
4469
2082
4061
2671
3391
8928
1514
351
9664
2431
7860
7211
1772
2569
1383
7347
9248
5551
7489
4693
2981
4633
3780
1542
3429
7744
3793
217
2257
3970
5457
6857
6161
4645
7052
6355
4443
6987
671
6810
933
3390
9368
1884
4137
2989
6591
4682
9723
1533
8927
8892
6204
6818
562
6198
8762
3367
6285
4201
69
9793
7895
7787
4032
1491
4137
7714
9036
5387
6275
8218
1327
3216
4526
2674
3772
7660
3291
2427
3388
3067
3785
3530
7046
6741
4234
4297
8844
7233
2459
9858
865
1276
8223
4985
2726
1120
6193
2247
9485
6639
4356
9562
1698
1671
3519
6958
1205
3376
2044
8079
3690
6587
4063
5805
8559
9758
9132
2644
9699
4115
8090
7116
1591
2351
267
196
5163
272
1148
7534
778
4127
4538
7088
8088
339
5500
5979
2977
9518
7118
8061
1312
1879
4600
1806
3974
3208
6223
2038
4126
2061
2527
8837
6138
5841
5948
9967
601
8626
2814
3274
4336
4233
1178
8373
8449
2320
1785
9890
3881
3367
278
4044
8665
3546
9123
1180
6178
9636
7292
7942
3000
2150
9879
3535
303
5349
9098
5879
3997
9361
7672
1392
4666
8272
3256
3402
8611
388
4521
4056
3339
1615
304
8452
1200
3031
1430
3917
2418
3371
7977
6060
4805
5755
3828
387
3983
6874
4662
6137
4501
5935
5920
8188
9180
5929
3578
3424
3259
8404
2010
5984
7945
8588
4917
2992
8699
3799
5907
6357
9423
1773
3029
9593
8675
9683
6621
7194
8400
9988
1286
1547
2330
826
2140
1466
3110
7898
9937
4140
1789
2581
2235
8129
1714
6705
8353
6088
5574
7537
7065
2106
4331
7478
2076
5345
9065
6997
5727
5606
4361
5215
2120
1188
8940
3362
4147
7866
6592
3942
7634
236
9474
8614
9531
6325
3325
3418
7796
7131
4188
3896
5287
9297
530
2502
884
6237
8702
7241
3006
9240
1118
4755
4708
3219
810
6037
9354
1944
8531
7867
6303
5228
6383
8620
2442
272
4082
3901
8352
4515
7167
1953
1359
1895
8288
2693
7917
6390
8873
8376
2109
3339
8097
2604
806
1013
2712
8438
9910
7258
738
9181
2042
7943
6208
8033
8321
27
1152
208
7418
4042
2365
1810
5185
6927
4992
5888
7100
2146
4025
3282
6306
4645
9352
2175
2391
7746
9825
7501
301
9882
8949
3147
8881
828
3100
1863
9632
5063
2832
8719
3630
4909
3018
4724
2242
8703
6617
7110
9066
5392
9709
3516
3983
8809
7504
6520
7003
4266
3467
5116
3499
6103
8133
564
8404
2232
2817
5591
1137
8754
3534
7587
1316
8629
3069
1972
672
574
2493
1107
8908
916
2037
8381
2584
8161
4856
2191
3135
5894
6304
582
8152
4132
7616
5959
3976
3570
6897
6692
7545
1283
490
9733
3259
2205
2393
7251
3284
3955
133
4669
4985
6689
9420
6466
6304
3526
7691
8842
3299
4862
4307
8756
8929
9907
4361
8449
5204
6141
3046
6965
7623
7616
5621
2470
2529
4246
5398
8619
6427
6570
6666
7129
245
7637
9758
3858
300
6671
8097
2419
2216
2771
106
7135
108
5703
397
4550
9116
4538
5359
3881
8527
2706
3530
7961
1741
2541
3485
1877
3630
4861
1772
8161
8989
1672
1829
6609
7921
5706
2253
8210
6397
3766
1089
1641
4661
6081
2345
1856
5097
3480
4854
4351
7528
1094
9741
4821
8091
8203
9326
5704
2429
6939
2755
2904
695
5078
510
2732
3348
3739
1442
1152
5409
9396
7765
7049
7767
5356
7618
9171
3451
3162
2667
3255
2059
1169
3203
1024
2598
4362
9486
1922
8497
7859
2414
5336
3321
8541
9327
1721
72
5947
4849
6380
6588
7471
3220
7014
19
3988
5667
2246
5387
1160
1221
2469
2723
1275
567
7501
1593
4745
1622
1338
6529
7942
4396
6626
5004
3660
1362
2889
8027
3176
8803
3292
5190
998
6058
509
2798
2461
3598
351
3808
4404
4419
8463
5676
5530
6852
5353
3136
1061
5291
121
3672
6122
4277
8362
9945
7082
4928
5616
1164
4898
674
6218
2480
3821
2980
6962
8503
9087
1574
6937
9185
4765
7005
4365
6038
6494
8851
7637
4057
5783
7904
1063
595
2281
6835
2761
7351
7122
4004
745
4440
6590
7621
2808
740
2532
4385
2050
5329
4941
8363
5922
8181
2298
1179
6946
8547
485
2552
6453
4290
2526
2041
7293
6981
6785
2595
9813
7530
1914
9671
9046
7533
9790
2299
7094
8519
7155
8979
2873
4682
3160
3068
6406
5716
6176
1475
759
1151
6704
8864
8452
6844
7839
5170
607
3896
8764
6868
563
3643
6414
6558
5284
6067
399
2179
4443
6088
7813
358
278
7549
6386
9192
747
7335
2968
1177
7605
5767
5759
22
1538
3059
4239
2075
3322
2648
1511
8095
1501
8881
4729
7691
9720
1979
603
4499
677
1537
7735
3366
9174
7240
9167
7456
5259
128
5233
7757
1072
3849
1020
8463
3254
907
6790
4106
348
682
9704
6751
5546
4312
2649
5013
8923
4089
5605
2103
8590
1385
1559
6547
7520
746
2733
5236
9966
9005
5272
2085
371
9239
9546
1515
6300
4326
4458
3077
1647
5007
1738
1658
5854
6386
4417
1269
7584
9854
9744
6231
4870
2632
1884
1854
7711
8696
7982
9657
7129
7936
5960
276
4458
5576
2287
4969
9217
5869
7537
7223
7363
9744
428
4131
9835
2606
6257
9648
4433
3673
4187
9941
4085
3232
1512
4615
404
2759
7342
1972
1354
488
3392
7495
2321
8399
4789
4955
2856
6517
4350
5731
2474
6048
5174
4845
9333
1445
2660
3856
5105
5881
2043
1322
1468
2922
2879
1507
9239
2577
4616
5161
4602
9652
7262
632
3232
9215
6262
3036
8285
8498
7258
1614
4619
8985
6190
8320
5897
1762
2337
2630
6906
936
8832
4747
6280
954
4682
1769
7435
5708
9562
4159
5530
273
4780
7567
3417
3134
1620
6758
4525
8830
7275
3564
4587
2256
8824
6109
6930
8804
3149
8102
3409
7411
5990
6424
5088
6454
4035
2600
7064
7782
4285
9257
9375
1734
3658
902
4487
4067
4205
9417
6920
38
577
4509
3969
6740
6679
9780
7966
5904
2936
4917
3502
7202
7036
4711
2872
8172
6709
4584
3995
9393
1532
6768
4562
5263
3065
6859
4555
2472
27
5451
2611
9576
9966
2064
6586
4923
8132
511
2753
7633
453
1328
9720
7709
1586
768
7489
477
9290
8565
5199
1956
8638
8158
170
9740
6806
4197
5702
1619
4164
409
7607
2851
7996
6942
1111
808
246
1025
5809
6875
9511
8126
8363
151
8323
4435
2336
9537
4195
5308
5253
2671
2205
7659
6011
5546
9295
671
8246
730
6066
1518
9495
7706
3220
2166
9811
4804
8186
2946
1461
6881
6872
2584
8483
1849
9179
4319
2546
8539
193
2741
7560
9000
6939
5772
1829
2639
6491
4709
2195
364
9236
6603
2956
7692
8833
6337
77
9104
9782
6579
5587
7907
7801
5806
464
7122
5968
6293
2860
3932
8277
7873
8379
5251
8263
2585
3189
5989
3642
7826
4168
3720
2431
1592
9589
1775
4546
2612
2394
433
5015
7246
5148
4798
9468
2593
5865
4809
2641
537
9847
4534
5565
948
8973
7932
5090
9770
5199
6762
8266
4870
6415
1411
4333
2516
3632
3926
5171
5228
7065
5404
7066
6425
1441
2257
9950
6365
4288
6411
3976
1452
8909
6347
6944
375
7538
3834
2077
3431
6340
3036
5937
5916
7034
5863
2438
451
3564
9628
405
1080
9033
9078
9454
7570
5502
5121
1568
4947
3532
1321
4475
2609
683
1867
1755
5390
8398
2754
1512
6858
7243
4377
8339
6839
9003
7585
6848
7928
9929
6889
3549
1614
8363
2327
1433
8459
2242
4995
9555
2439
4293
8344
825
8758
7683
3680
8961
7753
4993
1347
6502
6120
7892
599
4117
7895
6047
4892
680
4533
5766
3469
4214
9440
462
9983
1660
6208
4818
5651
5159
225
35
6051
2398
1441
9317
3107
7006
6937
6093
5117
6451
7928
3435
6761
6371
5195
3704
7316
7449
2520
1915
6808
3937
7884
6086
8763
7525
8304
5360
2454
4638
6308
5701
4704
1212
5701
1933
3505
4966
1828
8760
3797
6551
3853
6767
7502
8544
6261
1415
5085
5365
5388
7746
5608
4010
6833
7096
2106
7274
1184
4472
2257
7788
6354
6504
8267
2906
2664
173
3389
6582
9228
5867
8171
7280
1575
166
6841
4161
3816
6480
1098
1088
5575
5351
9763
3362
9371
3338
115
9018
3288
514
4320
3609
4774
9004
3974
1363
4732
6233
6912
5875
9348
5429
9760
5901
1973
9334
3956
9405
3326
3997
8609
4101
930
1584
3164
6501
2323
7233
230
6665
4779
1189
4288
2920
8169
9780
5072
6159
6210
536
6919
3616
5301
3417
1019
4174
4506
8451
3503
4778
7402
6300
9874
4050
1178
5516
2224
4555
2340
613
5874
4740
5430
6160
3096
184
4786
1381
7619
851
1579
7942
9426
4144
1961
8435
1439
7339
81
1701
6544
9658
9643
1207
227
1588
7579
7271
8931
2073
3547
2957
7581
4850
8714
6762
1521
4890
8263
266
9028
6639
1401
5800
2066
6567
629
6025
4163
2427
7873
9052
5966
8566
1583
6951
7981
3759
8881
9630
9677
862
8611
7673
161
9253
7388
3402
7208
9730
4776
7119
7308
8570
9747
1460
6508
8836
4155
4832
1478
514
9549
6380
4121
8348
4191
8100
6229
8153
3535
4998
5191
3680
374
263
2955
4060
6102
1208
4779
2821
4432
2086
4934
4531
1785
3598
3030
7745
4901
1865
3223
8426
2058
8626
6244
52
5955
7247
4951
7960
7663
9872
691
877
6143
3776
1103
8445
4082
1026
1429
3185
1283
2031
6823
1537
5143
5671
9500
395
9401
3296
3495
6889
6138
7759
1741
4634
5192
7054
6575
6409
4803
8814
2687
7823
1571
9831
5426
4243
7548
9494
3808
2832
6029
6701
7351
4792
975
8553
6919
4950
4558
3781
3127
7488
5344
4109
8241
5752
2804
1429
141
1995
5989
5991
7468
9003
8798
698
4525
809
6761
3563
4182
4980
7214
6241
8527
7187
9030
1179
3833
1053
1807
1984
6107
3356
3949
6208
6369
3994
5125
8804
3772
7258
8327
8485
2913
6989
3502
8365
3635
8516
2739
1002
1749
3741
6451
1554
7366
66
540
4370
7665
2605
1026
8840
2435
3739
648
4727
2032
5218
8365
2137
6008
6909
6655
822
6090
4577
189
1348
1082
185
7980
5004
9145
6530
3085
4639
4203
9407
6858
98
7897
1043
7280
6547
5710
910
7930
4455
895
9131
4552
8322
4946
8783
7405
6269
5596
8959
12
4650
6124
7661
4148
4077
8308
935
9062
7774
7137
9626
5832
1556
5663
5251
3491
8043
1879
5730
3744
4588
7282
2674
3847
2592
7756
3287
7565
9364
4519
9615
7836
7511
6005
8956
3096
3772
4944
5688
1717
6343
4287
8528
620
165
9794
1095
2166
3151
5249
9355
6978
6701
4578
3629
177
6193
8475
9069
6362
3940
5074
5016
119
5880
8554
157
3695
1895
1948
6207
4651
2518
2280
7752
8530
4994
8760
8518
8244
7042
2849
6131
5511
6163
3890
7549
8839
2398
7222
1525
8180
72
4835
9968
2386
2699
3060
5814
7290
9308
2672
9111
5012
1493
864
1108
5765
9077
581
4028
4549
9128
8894
406
7292
5265
811
2116
8198
8656
9843
4369
9207
4839
8621
8221
5420
7001
6804
469
56
5551
4498
858
1879
6844
3921
8314
5952
610
1489
6177
2208
237
3810
3447
962
146
5598
4225
7523
9938
3418
8550
7901
2896
7573
6654
7784
3084
2725
3579
8849
692
1873
4113
4335
3861
2279
4798
458
1046
8448
6280
9814
9895
8579
4957
4879
2456
2044
9082
284
1043
9769
267
3767
3643
3441
2489
9500
3886
3785
5346
7994
8061
3107
8524
1745
6235
4512
8878
4581
841
3024
2079
900
4201
6285
7714
7528
5354
1776
1776
8226
8568
1982
240
529
2586
6185
6373
4172
9360
492
677
9035
2690
2231
1351
1688
6445
8290
8764
366
6975
2526
2598
1493
6028
4723
5660
8337
4728
9233
6882
4553
4806
7724
8057
5546
3797
1729
8122
8659
8138
5104
4858
5653
9029
982
3392
6459
1500
5065
7810
978
835
451
9509
3096
7414
9951
2557
7504
2308
8961
9043
6209
1716
8807
8306
4236
9179
4651
9504
8183
385
906
9705
3304
9404
4128
7130
3076
9710
5937
9068
3747
5726
8349
5576
5445
2281
9222
880
6093
7215
874
7816
5230
9036
1260
6615
5158
3838
6828
8052
5957
7255
7107
3771
2997
6701
485
3627
4204
3943
4822
5364
3542
6863
8236
1136
2034
1189
5958
7856
2380
240
8297
8735
8874
7782
5972
711
213
9373
9756
597
7249
9487
1604
9821
3248
673
4356
8548
8007
1485
3829
6600
7784
1489
5220
2362
9407
9412
4772
1277
9127
2045
221
2730
5397
558
8736
8854
1363
227
6624
8733
5474
7085
8877
9857
184
7989
9241
380
9480
5744
7943
4553
3765
3390
1543
9367
9264
9378
4685
2586
4396
5275
9060
9235
1617
4156
5157
3577
3310
4073
2613
5489
4753
6061
7920
45
1081
1489
4485
1969
9340
540
5167
592
9354
2410
7747
8366
1539
4127
8744
6235
4116
798
5103
5173
2203
8550
2271
4004
7058
6952
1347
3044
1250
8197
1367
8649
2604
2601
7574
2369
6890
2325
5320
5513
710
6930
6622
5657
2181
8631
4018
7385
7341
808
5324
1218
8551
5713
5576
5471
1185
4639
6771
6605
5538
4475
2290
3687
3237
7038
5360
5501
5026
8932
2230
4906
835
9368
5530
599
8070
3033
1734
4404
1257
2506
5702
6087
3172
4996
5866
4582
5418
5395
2932
4039
8909
9218
9393
2394
4156
2095
2423
4734
5368
382
1692
8648
6382
1073
6776
3917
6127
8514
2150
6250
1285
9565
7374
6596
8002
3988
3057
390
5255
4378
7247
798
2425
822
1414
8577
5379
3154
1490
382
7629
8789
4802
6920
612
5313
9490
2353
1491
4477
4895
9504
1201
2064
9034
8078
7782
9848
5298
7906
5131
4556
921
7786
6281
9062
7128
3742
2818
5499
2843
1056
1938
1851
6895
7889
4138
6504
1552
8788
9161
81
4930
1391
5362
1332
5125
855
300
4382
3901
2615
872
2360
3148
465
7036
9471
1111
4143
339
7475
3172
5320
1787
6745
655
6130
1577
5147
1150
2003
8670
9719
570
3974
1392
9953
3853
848
3442
6872
6521
1498
9334
3061
2342
8012
8248
1499
8136
1929
5284
770
5755
7093
1942
46
8027
8594
4650
3087
5567
1609
7775
5814
4173
4791
8765
9769
4782
8531
6974
2308
6817
78
6720
6074
8832
3213
5563
6833
9086
1380
6539
3544
1228
502
8318
8858
4949
3804
8881
8144
5534
1398
6016
7177
3769
1289
8396
3333
9836
4420
9799
9152
7392
4455
528
6690
2699
2395
408
3882
9255
4878
9405
8897
2652
3671
1019
276
404
4469
2388
6144
5155
3233
5139
9077
1882
5909
708
2640
8362
3960
4550
2165
914
6414
3686
8420
9861
1793
664
9383
3086
9581
2864
8900
1478
2512
6851
7006
8516
4903
8984
5356
4311
4462
208
4334
252
1317
1526
8774
3584
1689
717
181
6369
1872
8572
4742
400
9637
9120
3913
8483
3738
6442
6575
1525
5466
3735
5577
9301
2327
9014
5813
6066
3630
256
5032
4383
8052
135
2687
2875
1585
5143
5859
9837
1051
5375
5888
6751
5123
6476
1519
9998
7635
6238
356
3550
6022
8347
9776
2125
8956
2122
5217
5357
3596
1750
1253
2967
4631
8414
2851
8077
2959
2967
5730
2587
8430
6729
4282
2993
1128
5995
1540
6422
6890
9286
9043
5277
5023
2667
2227
8682
3879
695
4930
9895
1196
38
3551
8325
7650
1392
8303
5902
9720
2536
5863
7957
4251
7172
5425
1692
7110
1848
7581
5528
1166
6876
6900
310
5615
5045
5824
9768
1477
5243
6784
5826
523
629
9600
2014
9157
7102
9252
2699
3723
6746
7115
7368
553
1529
5881
926
1986
7915
1829
6302
7717
9976
1406
7031
3726
2927
6934
3702
499
6932
2231
3079
5885
2483
8280
9680
1883
41
7387
4461
2155
6370
6223
7883
6220
6435
3101
7056
4301
7773
6566
8705
6785
3239
7936
6505
2910
3722
1523
4014
8968
2433
152
335
2947
1641
7456
3574
5537
6273
1967
2825
899
257
3503
4554
7221
4215
5941
3997
8414
9886
3459
3761
3771
8393
7165
4438
9208
1728
7755
6995
9675
1428
5574
991
509
9595
7713
5497
8130
5956
6662
7217
2014
7153
5697
9566
8040
6156
4705
9920
7579
4631
1930
8722
6271
4212
2066
6594
4351
6991
9538
8502
4756
2420
605
11
3046
8685
6103
4215
3103
716
20
876
5701
2362
275
7636
8600
9784
4076
7980
4317
6793
9733
3861
4813
3633
960
3700
3049
3381
9976
8772
5248
339
3833
3441
9786
8759
6083
8476
6912
2770
8889
6863
1236
1974
7121
1137
1021
2462
1375
3042
7527
5464
1019
2854
7474
315
7418
891
5849
1159
3903
8346
8059
7559
9733
9961
6025
3648
8568
9994
3494
6462
8118
2042
3594
5563
349
9827
5952
9759
3213
8170
7148
5139
4262
9022
9647
674
3861
7958
2251
4377
87
6122
3749
9548
5050
4498
5404
3521
2813
9431
1438
3526
5462
5470
2148
8320
5739
4205
9698
1533
4972
6135
5786
8707
7305
9790
2425
542
1866
2491
2665
1889
2441
9485
4608
2457
8181
9699
8897
1056
1162
2332
6579
6010
6896
9202
6583
3660
8317
4952
3660
6030
9966
5463
6973
9462
2528
9875
862
2786
7420
9021
5315
2742
410
937
2513
4263
1550
3420
871
6220
7356
4166
56
1735
7857
9149
3173
5304
7831
2034
711
4811
3768
534
3171
2241
2832
2371
9834
8777
1950
1096
7054
7132
6097
9738
6451
3422
4091
1230
5514
8201
4931
2129
5383
4856
2841
9878
4384
855
5861
6285
7994
5872
5180
1798
5809
6430
3184
7290
2755
7795
6676
1094
7983
2291
276
929
3407
9745
3503
4281
2026
4740
6913
5062
2654
379
6943
6404
3901
2139
6258
1570
5287
9365
2299
4917
3622
6296
1736
8432
6424
502
9218
2552
5450
7422
6486
5638
5946
6702
7719
7354
6256
204
8144
5717
1110
1364
176
447
182
706
8517
2873
6489
9622
8814
3248
1380
6346
9010
6121
2488
1156
8470
8169
7427
7326
3185
1812
8453
3219
8445
4036
7233
4593
9126
6950
4991
2650
1567
6160
8979
3848
8879
5030
3612
8667
2839
8353
4221
3870
9652
5111
8665
1069
1291
7506
9631
6787
8678
6422
465
1674
6543
8547
5955
8189
6834
3559
659
4296
7892
3001
2917
2417
7725
5207
9497
8723
6426
5745
9100
5264
4269
2679
9427
9057
4905
2668
8003
4795
9042
4986
451
8072
5495
9765
3810
5400
8515
812
6735
8672
634
2800
8877
4809
3958
262
8150
7184
2563
6880
6265
9574
8865
9614
3843
426
5177
9118
5528
2654
2450
2023
3435
5735
2138
935
9438
9247
6364
3146
3333
1645
8910
8105
3306
2649
9707
385
8924
4211
6681
4272
2431
8500
4785
7704
8948
5436
7958
4811
6241
7762
9124
26
9102
1951
5065
8790
8370
2101
3713
2291
7063
7017
7298
4184
3779
3300
4644
1473
9303
2610
6466
2619
4435
435
3536
1234
8887
2871
4717
2940
9749
5286
2470
2442
7101
4790
6660
4510
1198
6570
5157
6742
3858
749
1160
9005
2052
5131
176
5980
525
8575
5956
7773
9379
4055
9502
3091
9401
1178
9843
9564
8584
1963
2278
1765
5446
8064
2405
1532
6335
5186
2532
4337
9741
8647
1926
7115
9796
6448
6823
6186
407
346
1571
4644
8990
8632
3958
9817
6765
4275
1911
6997
2906
8458
226
9263
1501
9063
7362
4476
9259
7805
4395
558
4843
4827
2956
4882
3721
8559
324
4233
3717
5313
5181
3677
2071
6394
4641
4318
8690
2334
9493
9564
5991
7120
9072
875
8494
1224
5088
9483
6032
2690
2407
671
6837
101
9793
4173
2179
6949
2044
6282
5676
4179
3051
8174
9541
2685
626
9768
4668
2521
8875
5433
2786
787
892
7434
719
7052
1420
1146
8086
7853
4336
5509
2242
9844
1888
5175
7256
1864
2135
1686
3972
7642
1879
5641
1007
6476
1151
5439
7302
9706
7264
7954
7671
440
7353
6212
8606
5871
7480
4694
8391
4190
3225
4292
8978
8790
5900
4195
3780
3417
5545
4491
5634
7383
6645
9224
2356
6632
3990
8527
7980
4424
5590
1063
5810
7308
413
109
3976
7749
6938
792
320
3915
9724
3384
3154
7572
1133
170
147
8651
2948
3381
6976
7738
9600
6372
9618
2231
7549
1729
543
6272
7057
2317
5574
3981
1147
8735
1290
571
5787
9636
5645
1809
8774
2025
1491
7957
212
7021
3498
458
4256
6796
4322
277
8997
8630
8350
366
9114
1225
3358
3425
6102
3843
9335
2946
9184
3700
9901
4437
3894
7000
793
3343
3677
3099
6729
2356
5305
9855
8694
1236
5214
8513
3338
5153
5771
5046
5523
5536
8194
7082
1765
3094
8612
2718
1813
8102
2995
4674
2255
9866
8970
987
1917
5394
5523
57
7885
9661
5213
8486
5148
2713
2110
627
3103
6877
5550
9987
3578
5806
8109
3083
4390
6557
1812
6276
15
4954
3716
5083
1316
3352
4989
7382
8249
1204
4212
2664
5403
9077
8989
9805
3887
3948
656
8187
1634
978
9527
3161
880
5728
1053
1245
3678
1554
3592
8084
4423
623
372
3317
3199
8455
5053
8664
4865
7718
7530
3318
5278
96
6899
3220
1873
1218
6210
444
7857
3435
8435
7427
5053
2348
6725
6414
6607
5241
5007
2800
1128
6191
3903
3925
836
4745
8035
716
4554
5870
4299
8399
2615
6215
9859
6607
8270
4152
3657
5786
4593
3188
2286
6558
1210
16
233
6530
2832
1646
3121
6186
422
889
4974
2369
5083
4054
4808
2012
7645
6123
8910
7432
7602
2194
5205
3408
9479
570
293
1720
2365
2652
8233
2333
1262
8846
3232
8392
8695
2206
9645
8581
2062
3209
5342
6150
946
1311
1441
1845
4364
9740
7929
6167
4054
1416
1747
5809
520
3753
1260
1385
4147
8039
191
4865
7197
4471
5067
5037
5057
9633
2119
1283
2937
1416
9356
4375
8255
6027
8093
5535
694
5708
5119
446
4653
1760
6897
5185
1652
3408
2331
6009
6517
5257
1263
2646
1109
8917
2889
7156
6893
9617
9122
5720
1992
4774
3518
2344
1850
1911
4733
5641
8002
2378
6195
187
5043
8321
6959
973
3514
317
9177
3953
3848
1
1977
6232
9743
6359
9700
9808
7218
3363
8122
558
7482
3933
7503
2776
5756
5141
3513
6218
281
9713
4937
3758
2582
5987
1365
5115
1152
2996
6656
7890
5209
6647
6065
6423
2898
8796
3630
5191
7941
1614
6975
4392
1113
354
3613
7120
4584
2639
4212
7046
2977
9338
3585
2354
3662
5515
2759
5208
8659
6864
9242
6939
1244
665
5305
6922
9633
9302
8839
8723
8426
3953
7940
791
2564
8804
5133
1788
4050
8671
6883
8926
1255
9877
3847
7605
8569
8552
9619
6076
9560
3202
6608
7203
2062
6935
7104
3297
7804
1416
4890
4275
7037
5154
2555
3420
3928
2898
9284
4885
8426
4442
5257
2601
7348
3492
7990
706
1089
2821
632
8202
3034
4484
8444
4093
6153
1543
7259
3766
4220
7145
4828
9409
7716
1979
1525
4658
7272
2824
6121
7951
4917
6365
4669
2809
3129
7967
6283
3
4725
2181
635
2590
6890
863
4717
906
8527
91
3108
898
3271
1319
8584
2956
1552
2567
5893
9005
6058
7088
3574
8691
3835
1200
1285
2925
104
7775
6321
2088
6864
479
5082
6896
2497
8741
1297
3821
6091
876
36
2051
7011
9362
8649
2772
9436
3740
2709
9176
275
5033
4247
907
740
7043
9319
7336
7434
7186
4353
878
8058
1062
8789
8381
1332
440
4438
5246
165
2178
5022
2003
3122
8295
7666
9136
9054
6145
8579
5585
8858
3894
4201
4775
3396
6593
3223
2906
8238
7967
8735
553
1289
344
3418
4084
2415
3066
7009
1620
6929
5265
8271
392
7393
4322
868
4678
834
6690
3588
6744
5449
9520
3215
1045
5532
6826
3531
3128
6997
4615
611
6454
7954
3479
9820
3540
1295
7477
5433
9938
1282
5035
2416
9971
8480
2292
9017
5357
8693
5444
5227
1193
9894
8326
6003
4638
957
1909
9900
5557
6965
8858
1233
1758
3769
4118
110
9977
5263
8147
1896
1397
6611
719
6049
7443
5970
7241
2697
1705
6198
1023
656
2636
3474
3676
424
427
8185
6684
5091
2424
9207
8903
3073
2459
5758
2965
3179
2773
4579
368
1730
1764
2419
2284
7088
4471
325
7012
7218
3199
8468
6204
5778
8148
4541
642
3894
7922
7967
1454
1639
4336
5643
2465
1844
1169
1955
1290
1649
9937
7585
1231
3189
6378
1683
7260
6571
5121
1912
5684
4615
8206
385
1243
3054
1403
7072
9537
2220
2784
1380
3114
4154
8696
4399
8082
2068
6087
5893
1007
8210
9908
8666
8166
5711
9911
7562
1823
9359
6546
3338
2433
3795
528
3487
5492
3679
5343
7144
8684
7144
1430
7021
745
7405
1669
6952
9550
6517
1377
7433
3839
4588
5654
7208
6415
5166
474
1849
940
6343
851
7870
4591
1095
8325
7349
6718
9099
5262
9108
7273
543
6099
8832
347
7643
3167
9538
7224
9373
9997
8903
2896
8264
8925
5165
2162
870
9680
3651
5020
3618
377
2513
7233
5420
7756
9863
8920
7494
1299
8982
4734
7358
8140
5773
6966
2029
4044
1226
1672
1188
6208
9040
8714
9521
5303
6455
8531
7482
9557
4312
2806
1743
2206
1919
8288
9922
7675
4512
5286
8220
1115
3234
9191
5419
5171
9727
4908
6453
4095
1833
8173
1358
1763
2376
235
6833
303
8307
9391
3907
1989
2737
9093
4186
595
6283
4259
9242
6001
6847
2158
4711
4419
261
9570
6255
4977
6667
8291
7409
6413
7195
9308
6041
3691
6816
1673
230
6053
565
4036
2097
6020
1894
5359
5684
477
8168
1327
6822
7562
2455
7972
3772
8921
7324
2212
6693
1779
4066
1000
5331
8211
6395
8303
4655
9416
4211
5213
211
5781
667
2036
3467
4059
2994
4668
537
3622
7302
3626
1037
1098
2702
3462
1432
3941
3826
6899
8563
9222
3229
5999
490
6583
5197
3502
6112
6873
5799
9362
7759
4868
9094
1415
9884
6586
2344
4926
2818
8929
7505
9582
3316
2490
5092
4781
6020
5200
8206
3981
6314
6631
2460
541
2785
8872
9688
8357
6820
2412
9205
125
4662
5356
1671
540
1706
6599
3818
1925
5788
6967
1378
7382
2730
4767
2081
5417
6924
615
7713
4755
8801
8365
2852
5826
3049
1442
166
5208
4827
6300
7039
2025
8877
7145
8520
2933
4586
8111
7192
9691
8171
8109
3087
2604
4664
3418
5479
4321
2450
9219
6576
289
7519
9037
9539
5262
7667
7291
7997
5929
8339
3898
8297
1455
7865
6850
7505
7938
952
9746
5675
8388
6271
6384
9536
5548
8996
1559
3083
9496
5881
4192
7348
8291
2349
6824
6883
4871
1920
6882
4675
9519
9640
4594
5194
8706
1512
1561
6612
9178
1916
3259
8950
5591
141
7169
1619
511
9747
1628
4301
8831
5994
8134
1671
5954
4780
3632
2932
7508
2728
4344
1718
8928
9363
8895
4720
2839
8619
456
7243
5494
5423
9225
5052
3510
8728
7805
7230
4299
5584
1559
1999
3911
7521
6454
7583
1843
3674
5145
5743
6623
9458
7795
4614
9861
760
8401
1056
5064
5332
9864
446
3378
1693
851
8539
8900
2206
1129
8041
3738
2000
3074
8967
9320
9208
4706
2455
2627
6997
4823
1451
2503
5143
2489
7969
8865
8337
5588
3166
6687
602
3271
1232
6949
8054
3718
6395
1024
8906
5314
2963
1236
166
1718
4203
2479
825
6843
4350
5192
8517
8906
3250
4365
3403
9873
245
4571
6816
8894
4532
3455
8770
8665
8963
1934
923
1000
4719
3781
4882
6447
5128
2681
2944
5710
4436
6231
9235
5028
7694
5782
3895
6566
8538
9101
5346
7296
8510
606
2408
8759
2116
8426
3759
9787
3240
5534
1710
148
26
1328
8164
7427
6067
8106
4450
9967
1405
5432
1640
9844
5003
7141
3624
3297
1328
7732
7194
3561
6107
6399
6092
6401
7386
3908
5173
3521
5643
1795
3009
3098
4832
4162
3101
6645
4127
3997
1078
1237
7125
5090
2411
3298
9252
4811
3174
9714
7402
9900
4062
3305
1664
8611
6827
2999
1218
2567
528
1435
2872
9060
6392
4379
7292
7461
7511
9902
8941
8091
4727
8528
8933
6689
122
4704
8114
1078
8161
1324
2115
5165
1217
6797
1819
5391
2824
8341
2418
4275
990
6736
4650
3382
4994
358
4768
586
9826
8598
1115
6364
4131
1877
9788
5126
7636
270
6559
2106
4014
5000
1610
4814
9589
7357
1156
7405
4432
6707
7070
7504
1804
2784
5384
8888
124
7937
4162
8078
1667
2162
3514
4488
2679
9310
8433
3698
2318
690
6049
1322
1825
6379
6170
7113
3241
7746
4007
9876
8308
6496
9476
8640
8709
983
6757
9702
8033
6016
3515
3414
6201
6292
4404
9856
7185
9572
7807
6052
1145
7298
3665
8065
4703
5180
535
5213
6959
4905
7666
811
3894
4028
8345
717
3699
8115
3686
6439
5981
9935
3544
1828
7716
3089
8416
2497
9276
3085
414
9809
3023
3717
9369
4727
8010
9048
7172
1408
6196
4951
4236
7927
6002
7969
487
6256
5578
2123
734
6869
9700
342
2537
6002
6875
3996
4781
7784
1529
7255
6276
203
7093
8286
3043
7182
1575
3335
8734
858
3668
8672
3838
5395
4626
2868
6359
6609
5530
7495
9091
9662
8055
279
5705
3950
7913
8570
7041
2634
5120
9902
9665
2772
349
428
4768
106
9512
6587
9229
8233
56
7496
2532
7374
6714
4831
2753
1068
9172
2977
4108
3430
7684
4638
411
5701
7493
192
5392
3629
3304
4931
7533
5454
9880
5925
6824
6178
6983
145
6590
2801
3792
7315
3049
8265
4705
8303
210
9260
9697
8153
4659
3749
6854
9928
7833
1842
855
8675
9232
364
9376
2482
2596
527
768
5312
6270
6055
2362
4253
4948
2843
6283
3560
5042
7439
884
396
2927
6082
6928
6752
7626
301
1936
1516
5506
4317
1048
5802
6573
1164
4578
7121
8070
9268
5587
4814
7833
1148
5277
1023
7415
4127
1239
2983
4399
2193
4885
3501
2271
98
4196
3543
9130
7814
7475
4020
2093
610
7296
9773
30
8925
6275
8253
3458
9109
6536
9459
251
8847
7477
9399
676
3973
4179
9944
764
9240
6244
6503
9141
6463
6951
2546
3524
6333
1875
2966
367
3005
1707
5893
7203
7386
6235
9442
6646
9277
9953
9609
894
3162
159
4696
3731
4482
7598
5585
2387
1591
5794
2540
2146
3655
5969
4382
2816
7976
3304
5371
3857
9378
418
5880
1800
1531
1732
895
990
3732
4483
5041
1612
4190
7488
4606
2638
3480
6506
5084
7284
124
1497
8246
9345
3274
2042
5388
9995
519
4588
1978
7693
9198
9766
9162
8837
5298
1461
1249
9137
1364
4858
1517
1627
7177
4513
6406
3267
9943
2081
519
5119
9540
618
7540
67
9523
7229
6652
8877
4147
7399
7925
5241
5857
4914
2599
572
8588
3341
4024
8569
5356
3208
7269
7790
6903
5664
9589
8606
308
28
6192
1993
5573
9169
14
3047
7034
296
378
6391
2511
5490
8366
5673
4027
9120
4095
7122
8331
5413
1132
6406
9592
9567
6716
2416
7241
2404
8196
3259
3493
4054
4530
9021
1321
5364
2004
7854
5692
3177
6518
9396
5783
93
9210
9065
615
6958
7569
180
4460
9612
6877
209
7028
1648
7372
7793
384
6421
8551
3621
5898
5492
1903
6575
8818
8629
7943
8519
9221
1112
9644
5888
7861
1153
5586
844
3198
6079
9832
1331
2530
9119
8429
3617
5614
1732
6206
2408
9085
675
2896
540
2541
4695
6715
9748
4974
6783
3012
8229
1940
4130
6865
1343
4581
6665
982
698
9227
9818
9480
7481
918
8633
8859
2987
5087
6014
9495
4274
7005
9147
2990
5561
3208
7988
1925
3320
4954
8203
1192
1373
7755
8308
7367
7805
6256
1960
4384
7994
6695
2044
3610
9904
4079
3573
9123
8908
1196
2737
1168
1744
746
6514
6034
8272
1902
2585
2244
6348
7005
6876
376
3142
9372
6993
8872
6558
7146
1854
4611
1006
6737
5649
7460
6672
2253
6786
2618
427
9286
591
1746
3086
2162
8230
6761
3375
7982
6997
3959
9618
4919
2517
4010
221
6273
1426
20
1988
7451
7487
512
9553
3385
5956
8432
6992
3024
4329
7466
9803
5949
6742
15
5084
2394
4123
9875
8738
7005
5189
7484
5416
4955
7764
1688
5064
2465
5676
2915
1700
7055
4742
2532
9232
2316
9832
5451
5410
10000
9087
9011
1455
2818
9961
2830
7777
2600
2837
8468
4584
7688
5167
2478
7704
8055
2777
6019
3095
1835
7735
4177
766
2863
4672
1405
7269
5694
272
6275
3692
5940
6727
2317
4924
6479
7187
5762
6354
7657
8090
6171
892
1692
8336
153
4428
176
4986
9983
3046
2956
6237
100
9435
7016
8343
3773
39
7944
1395
3525
2507
7993
8221
9631
2560
8437
4479
4452
6631
710
4029
7509
9129
5136
325
365
5208
56
2834
7160
6568
3452
3428
7935
3136
4283
4960
4244
8316
5871
8058
6952
2672
8519
4209
1561
236
3905
1917
8017
624
4346
2455
6712
5181
2625
7294
615
2986
1677
3041
9558
9723
3706
9697
5538
9632
5115
9876
5087
8972
8716
5186
6573
8916
4517
2173
2829
4827
5877
7366
4511
3651
7865
3049
1369
6146
385
8676
6728
531
5575
2865
6893
4997
4695
1330
7489
7410
8381
8917
5253
5708
4689
3797
7549
9722
609
7039
3665
4561
2864
9474
2999
5711
3939
1640
3568
7907
3225
2387
5194
7142
5533
1447
8462
1506
5157
913
4819
6558
4065
8974
5125
9166
5692
9380
6066
3296
4242
790
8131
3865
6666
9190
4486
2849
229
8111
5095
8456
9863
6406
2666
8369
896
6714
7732
4674
9367
4978
4325
8072
7074
4132
9841
7484
4620
898
2961
7005
2162
3280
4167
2869
8470
4987
4822
8242
9938
8311
7516
1227
1535
6499
7488
6229
6606
7869
6703
4147
8326
5521
567
7922
9433
8396
6629
2649
1350
6208
4777
1842
6093
9943
4286
7744
2515
2061
4162
3891
9513
6162
817
8955
5133
1133
6815
6522
2017
6552
4468
6841
9055
9294
9001
4166
338
7856
2552
4384
9743
4332
8820
2496
2750
8138
434
3823
4295
4662
4738
9246
3711
4708
2542
3261
461
7616
6432
2061
4175
4260
1592
1683
9158
3916
705
5433
4656
9769
175
5931
3580
8896
9596
4891
1084
7361
8739
2587
7191
2711
5701
5274
2431
6503
6706
7029
2566
4088
6302
9358
3435
6465
1746
6740
4080
1901
986
9913
9447
8868
9701
4755
8784
3978
8538
4049
4705
1814
7104
4856
7966
664
1555
1832
9212
4363
8422
5477
1910
9734
2350
1602
5518
727
9834
5343
5026
120
3998
9119
25
6496
1467
8754
5151
1769
5358
9965
7660
1919
6537
2132
9297
1985
4847
7597
2335
1674
4885
2352
9645
3493
841
8142
2021
9819
468
4419
7090
7057
3650
1905
4108
2976
8531
841
3264
9907
6612
931
2648
3203
8030
5335
8110
9403
1958
7227
4809
8414
3515
9778
1025
2039
8411
4551
328
4463
5710
7177
4608
126
7138
4773
7626
9478
8845
2845
1932
6519
7275
2309
8816
9329
7251
1018
2362
3489
1421
3119
3898
295
7255
4215
5295
7107
2544
576
9091
9503
1741
4042
7869
9368
8282
9988
6512
6129
2397
2019
8395
3372
8831
9422
7810
4957
9754
777
7702
5959
2424
869
8281
8870
6270
3926
3187
4320
3179
2272
9648
5305
7982
342
9596
6356
740
9447
3116
1655
5575
4640
4664
6136
7708
2769
4337
9624
7700
304
7301
7217
928
3745
5206
2192
5732
5526
4525
6618
6973
6445
4192
7525
1826
6093
3395
1649
4149
3982
6330
6083
8780
9998
2790
9578
9401
1979
7509
3206
9329
1301
9752
2521
1970
1600
5546
2280
5011
6253
8245
4248
5856
8835
3138
7730
5830
62
6855
7053
7562
5195
4071
2967
5129
5874
6986
1656
1435
7020
8220
2452
4889
27
2023
1417
5691
668
3142
2212
8892
5888
5616
2693
4054
7628
8234
6429
9594
8598
9380
7713
3515
5658
69
622
3374
9000
6144
2364
5897
1330
188
3105
9362
7160
6001
659
9487
8414
4759
6183
7656
3465
3129
4756
7646
3580
7579
6899
1350
5712
5530
4127
7524
4679
9646
9395
3431
3330
1886
291
2965
2059
3201
106
5954
702
4479
7580
60
6324
751
4166
2329
2469
2314
7052
9466
2514
1457
7636
6706
9801
1284
4066
4987
5267
7993
3907
5056
5026
3972
6234
4301
4407
4923
6012
6874
7076
8810
7763
7619
2075
1001
9873
5905
5330
7587
3225
2762
9423
2114
4203
4379
3464
9233
4940
2088
7703
3802
9468
3456
2705
3887
2099
3168
1931
8095
4097
9027
5413
8534
8943
7297
1754
1507
1897
7334
4098
8206
1317
2122
6273
6633
537
3677
6569
85
4852
3577
4141
9239
5675
3656
5898
9341
4889
9873
8554
2572
3868
5102
1380
2565
9958
2588
1642
3234
606
9837
1750
6870
625
7128
7467
5958
1773
97
3994
8736
7797
9801
9854
1902
2525
6999
3429
1677
6854
902
1990
169
8147
6880
6227
6601
2592
8850
2963
1270
8412
9435
9329
3617
1329
102
3373
3928
1996
4166
3474
3194
960
8579
84
7695
5684
6111
9918
768
4263
7802
6243
2978
9531
5264
9945
6949
4140
3204
9883
4716
2909
7743
1029
5553
3982
785
1803
4170
9809
3820
8211
4348
708
3970
6151
4751
8667
6128
6115
4959
7105
6522
7378
3029
8127
5570
2860
9238
8150
6065
5875
4949
5275
3629
6776
2282
5002
5408
5788
6756
1481
1576
9932
3924
7496
3022
5916
6031
7370
5594
4439
4442
8532
385
7856
8289
1902
4050
2908
166
2136
5913
4867
9328
6450
3832
8819
3417
2379
2750
5721
9866
6989
2291
3029
1209
9302
8547
6989
5970
7733
2890
6474
4354
8974
484
461
4151
6626
