-3156
4691
-4489
-954
-3998
9577
869
-6840
1313
-143
7533
-7082
6486
-3003
-739
-8282
5087
2662
372
-2449
-2064
-4370
-6661
6725
-9334
2202
5548
-3364
-3127
-933
3843
-1164
3409
8122
6215
7533
-5310
-2280
8536
-8772
2123
373
-620
5928
-9598
4294
3663
-2111
7964
-7793
6143
6820
-414
6142
-2195
1502
5060
4151
1548
-8778
-553
-7325
-1397
-7121
9303
4633
5002
4699
2417
1952
-7599
7992
8221
275
4953
-3555
2313
-3948
-2156
-694
-478
4173
7399
4588
1766
-2494
-6106
7074
-9926
4386
-1104
-8163
-2852
6
-1299
8077
-1310
3309
545
210
3556
-2827
3019
2452
-5256
2860
-9330
-1937
-866
7104
8359
3049
8267
-9555
-3572
5763
2133
-3368
-3763
-1428
6907
571
-3248
1751
-7616
-3835
-4496
-3792
8958
3838
3571
1274
-6438
7807
3916
-4455
-7769
-8117
2365
1047
-5675
-2284
7988
-3173
-1295
-1570
1093
1454
-8262
1288
8734
2187
-1837
-6903
-6223
7888
-1848
6264
5920
972
-7938
-6421
-3970
-9689
6066
-509
8249
2237
5903
2342
-6988
3176
7120
-4406
-5747
142
5838
4767
4180
1155
-4451
2057
-4694
5889
-5968
-8532
47
7541
-5209
-2081
-7977
8816
-8121
7742
4002
2407
-8950
5165
-8251
5039
1801
2434
8620
-4218
-3084
-4815
-6740
5241
4287
-7032
6479
-7600
4418
-8864
8769
-2316
-3208
-6603
-8127
-9199
3911
-1059
-3006
-506
3063
1780
6275
8012
3183
-8787
3835
-8927
515
1673
5880
507
4802
-8697
-2152
3316
-4861
-8109
-5226
2628
8377
3316
-333
3500
-6725
3817
-2186
8575
5595
-1718
-6026
-1744
-2218
-1323
108
7858
-4787
5642
-1497
1288
3403
-5769
7100
-4461
9055
3801
792
674
2699
641
5450
1592
655
-1805
-3701
9892
-4243
-6454
-2616
-355
3538
-4269
-8593
3823
4268
7302
-8493
2346
-9602
-4601
7675
-586
-8447
4137
7669
9802
6554
1025
6910
-1091
6091
-760
-9287
-6453
-2326
-1305
-3502
4418
2390
761
2558
2206
-377
4898
-9222
2818
8050
1145
-2234
-1684
3071
3445
-9595
3222
-164
858
-4072
7532
7249
-9934
411
9249
-3680
-3080
-8674
-5498
5925
-2962
7258
7375
6967
2414
4160
-8570
-2130
3166
8803
-1887
4286
8262
-5032
457
-4370
2884
-2261
4595
-7348
8426
6065
9769
9432
3132
-1513
-987
8644
6314
-6015
5303
-6028
1172
-6666
-2161
7785
8154
4468
-7107
-2484
-163
-4318
9400
-6434
-754
4563
-6231
8662
2237
5126
-138
3214
-1747
-9688
-5704
750
734
4208
5349
-8644
5178
-4193
-3925
-1352
-2144
8453
7482
9006
3065
7539
-8039
-6596
-7010
-4177
-5341
-6495
3848
8606
-6419
-4836
-7777
-446
-8400
-9934
-9091
2839
5502
3609
-3940
2949
-9132
-1398
1390
-7093
4454
-8213
1917
-4023
-3085
-7155
-8984
-2201
3895
-6826
-8768
5127
5266
9340
757
-7345
-6239
927
3098
7531
-4814
8349
-5142
7712
3649
2551
-4966
1549
-6308
1977
-5870
4749
3470
-2683
9806
2208
-6010
-9335
9233
7166
-7018
-1775
6222
7158
-3512
-3769
-5397
-1924
57
-2783
2031
-9671
-3006
-4002
-5114
-5942
5152
7894
1557
4511
-152
-256
2998
-7859
2044
-6802
689
597
3697
1164
-4886
3154
-5918
490
269
6092
-6679
-4062
1606
-6468
2935
-7736
4568
2001
-1242
-5960
5300
-2607
-2826
3301
4410
6112
-8504
-8429
9592
-3101
8082
-6980
-7021
2132
2817
9411
-2787
7612
9251
-9948
-3090
-7016
6634
7766
4332
-6413
-474
3158
4947
8607
-2908
1766
8585
-8383
-2232
4596
-7162
-3871
5119
4023
619
-9941
-1680
7685
-1824
6268
-1023
-9288
7688
6596
-3379
3813
5783
-546
-9322
5324
7249
6284
547
2882
-8065
1471
-1475
7511
-8433
3802
1082
-7630
9986
-8790
-5504
-8573
-2694
-6077
4706
-7440
547
-8278
6406
-6411
-913
6588
3165
-8990
4517
6086
-8225
-3628
3127
1537
-9056
1933
-2182
8569
-9012
-9375
6791
-2074
-6707
-8102
2692
5737
7865
-2402
-1019
1435
685
-465
-9997
-7346
1618
-4268
-1331
-6730
4109
-8722
2974
-719
3244
-5128
9530
-3699
-8397
-2144
6772
2102
4401
-2352
8467
-1391
-1178
1714
-9421
-8927
9035
-9462
-3148
7676
-7773
3384
5933
9317
590
9955
8247
7752
-4533
-7039
-8753
-1508
-1066
-6906
5373
1444
7913
-9594
4910
-8259
-1131
-6695
-9453
1674
-156
-2339
8974
-1637
9062
-3505
6305
2739
3143
-5914
3337
-4704
3287
-5679
-8471
-9978
-1043
8731
2799
7170
-3228
8921
-2033
-1865
4581
-1749
-6067
-5600
7930
93
8837
-7945
-2982
-8700
1468
4344
9307
2382
2509
-3652
-3598
-7930
-6372
-3961
-7771
76
-1411
-7418
202
-1280
5868
8136
2894
-6026
324
297
-3417
-3821
209
-8097
4885
9414
3808
-8629
7325
-326
-6032
-5165
9763
1811
-2156
1965
-2576
-9053
-1883
-4020
9417
220
263
-5218
4758
4266
3652
7066
3256
-755
4616
-8119
-2392
-2878
2235
-8374
-5542
-2438
1921
6895
3621
449
501
-9118
-7326
-8782
5625
-4904
-9768
-9404
3579
7300
-493
8036
-7730
-5281
5961
-2235
860
-5855
7384
-1860
5140
3653
-805
1528
-1147
-1451
5953
3524
-5666
-3396
-7185
-1763
381
5171
4846
4015
-5461
-7050
-7000
9247
-7512
-2792
5372
873
-157
4468
4390
-2516
-3761
-3151
-4427
-2624
-2669
8382
2204
3342
4748
-3851
-4394
3714
-4362
3381
-8785
-5407
9522
-7927
-8595
9307
-6653
738
-9550
-9594
-4821
1213
-5393
-5972
-6768
9860
5028
4288
9332
-3402
5444
3437
-7434
-9639
-2541
7409
-6082
7549
7008
1213
6242
3760
-4479
1214
-4029
-642
-7681
1649
-2680
5655
-1004
-4561
-883
-445
-8320
3886
5801
-5504
-4263
-5655
6850
-7631
-5069
9112
8637
568
-748
4336
-2378
-3052
-63
3977
-1321
-7200
7116
-5707
2895
3845
5229
9684
9120
9660
-2012
-6556
8446
-8037
-5225
431
-9377
7279
-9104
4822
-8701
-4660
-443
2054
2704
4002
-928
-5830
-1661
1400
5912
-8393
-4977
-8853
-1328
-7947
3603
9044
-6130
-5034
-5045
-5219
2051
-505
-8882
-6073
5285
-9331
-2999
-9120
2750
3618
-2128
-3279
-7296
5924
-6378
3588
-1944
2486
7875
9900
8041
4838
2138
-7218
-7797
-2608
1464
-2208
8237
-5993
6851
2650
8604
531
-6106
-1480
-8348
4424
5823
-7560
-2173
6294
-5572
979
7177
-9916
8482
5848
-791
-6197
-3920
-5235
8825
-5295
3849
-5303
-2315
-7935
2911
2359
-435
5399
8163
2750
5827
-5584
4901
-4073
-8830
5433
-1771
6236
-4369
-7217
-8630
6559
-934
2370
-9716
4742
6345
5055
1839
9386
-3765
-5103
3613
937
-9187
9987
2862
-1064
4571
-8044
4215
-4608
-4110
2145
7288
-3851
-6561
7245
4659
3749
-2123
-5218
7131
-2274
-7731
-768
-9685
3889
3576
-2234
-4636
-2412
6984
928
4165
6175
2156
-1786
-2937
-2786
6278
-232
5316
2066
-2883
-8318
2572
-4526
9353
-4100
1319
-7816
-625
853
-9857
3436
-3776
8298
-9253
-7124
-263
-6817
-5134
9059
2197
5443
-2446
-2415
7347
4552
7168
-1862
-6635
9887
4346
8915
-8508
-1884
-8596
-1388
-8180
4920
2898
-5045
-2308
8082
-8390
-586
9508
-8737
10
854
-6995
4949
-5719
-1062
1339
9811
-8089
-1021
1743
9996
5832
9476
-7580
376
9136
4145
1807
-9925
9661
2480
9595
-8436
-3
-8450
-362
-7870
3778
3318
-8535
2624
9528
-8520
-6322
26
-540
4065
6095
-6792
-474
3448
-8284
-9056
6822
-953
7573
8986
-544
4162
5797
-1461
-4832
1182
1532
-3437
4579
-244
-6226
-6924
-556
-2856
-7628
-383
-1793
3423
-4204
-766
-160
-3890
-648
-773
-3588
-468
700
2255
5087
7934
-3516
791
-6971
-7658
7121
4711
6994
6486
1802
3044
-7322
-4994
1457
-5885
1250
-356
9385
7989
6260
6088
-407
4771
5742
-1657
-4408
-9323
3328
932
-3335
-8076
-3771
4600
7353
1388
5467
-9734
-3274
-3121
7524
1987
-3324
-9149
9334
-4767
6815
7000
1106
-3991
-2156
7856
-9135
646
6229
-8323
-9641
-1046
6212
1774
-9946
9455
3424
934
6803
4277
-5331
-4215
-5716
-655
-3203
4267
-3163
7600
-6233
6635
7607
-4155
-8829
-5026
5196
3863
3447
-5244
-2533
-205
-6943
1306
8473
-6871
2351
-4978
1006
-4344
-227
9313
-1766
-9870
-3148
4090
3731
1428
-9149
3528
302
-5665
4701
9737
2669
-8854
-3496
-4446
-5081
6055
-2981
-9850
-892
4349
4711
6447
-5791
1663
-7266
4032
7703
-4248
389
-3089
5070
8798
-8777
-4656
8112
-8249
2375
-2764
-5665
-3974
-6218
-4490
1416
760
-9205
442
-7179
-4862
8017
-5975
-701
-5482
1515
-9933
-346
7718
3888
-612
7514
5313
8847
-1209
4713
-7716
7506
-5214
5316
7227
5634
3390
7010
8969
-4430
-678
-8433
-6205
7141
-6702
2843
6655
-3202
9478
-2279
-5410
-4825
7061
810
-5877
-8368
1465
-3008
-7308
-5023
2483
5023
4872
-1084
-4682
-7583
1044
-9201
6103
-923
5820
5235
106
1443
8756
2796
-8503
5475
1554
-8210
-813
6438
4820
7736
481
-9394
-1293
-129
9824
-3141
8640
-801
3906
-2854
7026
-8516
-1013
4481
5548
-7554
-6821
-2060
-220
1051
6351
3321
-8265
-6801
-1862
654
4358
-9853
5465
7705
-5077
6964
-5806
-538
-8038
5776
-1157
4861
-8180
9321
-7277
-7041
-9663
2177
7187
2989
-2750
1598
7822
-4104
-6569
7360
-4877
-3979
-7505
9653
7616
5848
8057
8381
-3200
-7616
6216
-7388
-1173
-6799
-8065
7908
3842
4101
-911
3521
4212
5565
-7900
-7889
6262
-7272
-3229
-8056
-7666
4480
7393
-6483
9063
-2964
-6190
-3361
-7678
221
-6143
-3234
4452
-3782
5067
3399
-249
6275
5044
-9172
3339
7163
3382
9123
3591
-3077
-7661
-8912
-4252
-9412
-1306
3204
2654
1804
6722
-4396
9138
825
-7440
-771
770
5265
-741
-2012
-8588
1355
1947
-2447
2872
-6559
4494
-3123
-9486
-8220
9132
7221
6143
-3314
4687
-3418
1530
2678
8714
1063
941
3974
1103
1207
-3216
3351
-373
-5961
-1649
-5193
5323
940
6233
133
5729
-904
-1631
1110
-7092
-2407
7139
2139
1638
5912
-6454
-3032
-243
-1993
1450
-2358
-866
-8941
-9679
965
3728
5492
-6317
4977
8336
3745
-1541
3560
-2513
-8519
-825
-3899
3486
8170
2983
-4767
1215
-7044
-9791
4129
-6349
-4032
-4778
-2956
5925
8404
-2009
5118
1039
5480
-4552
4799
-5636
2998
-9306
-8896
-176
3651
4199
-5261
-7523
7863
6360
-1776
-3295
-2832
-9953
6917
9086
-7674
5838
2988
7204
5889
-415
8989
4139
8269
1780
-4415
91
-5654
-7807
2535
2326
-8866
-5155
716
8692
5349
7516
-9945
-2629
9023
-8150
3284
-9481
-3158
4541
-3240
-4040
-6362
7301
-594
440
2088
9559
7563
-2004
7141
-9008
7661
575
-7027
1988
-8851
451
7536
6638
7198
1095
-4393
4551
-8006
8672
4026
-5454
2765
9274
-4835
-1567
6253
-5769
-3913
-5443
2420
-8377
-3318
284
-348
-6520
-5699
-5847
-6198
-4737
4390
8636
6965
-9306
4634
5069
4411
-2147
-4891
-1956
4262
-6833
-7255
3987
-2961
-2204
9034
-2439
7805
5985
-2194
6387
5851
-6371
6462
9332
-576
2424
3691
-8516
722
2992
4408
-3573
-7678
17
4303
7528
-9401
3208
-6533
6896
7811
-3277
3366
9318
7008
9453
6704
-7010
486
6996
-9208
-7615
-7660
7861
-5313
9757
-3364
9577
-264
-558
-4817
5941
9499
3821
2293
3238
1109
8480
2870
-9758
5282
7001
-3412
9021
9792
3824
1606
9548
-733
2902
1203
-2551
9667
-7008
-3513
7443
-7440
2288
3302
3489
-8919
-70
-1013
5569
5024
6260
-3999
2291
-1824
-1616
-4799
788
-1970
4007
-6708
-7931
-6442
3123
-5248
-8181
9906
8506
6009
-7835
1380
5356
-8394
-7123
5765
-4983
-2222
-4034
4743
2936
-619
-8409
-56
3819
6840
-487
8735
9820
6030
7243
4660
-4500
-6762
-1293
4029
374
-4753
3045
3227
7520
-1175
-1768
-2421
1570
-4726
-3128
4774
-5125
4024
-5068
7549
8606
2153
2298
-6841
-4388
-1348
3465
-1959
-3319
3897
-3188
3649
1733
9010
-3127
-1879
7507
-7170
5174
-2032
9253
5881
-7826
-5623
2130
-9653
-9581
291
-7880
-9998
3886
-8246
-1953
-5527
57
-87
-1289
179
-5074
-9853
3240
3213
-657
141
9494
-5406
7073
-5964
2444
-8888
-5184
2222
7040
-6497
-9681
1020
-866
-1179
-1008
4929
-1545
-3558
-9446
-8386
9417
-1646
-296
-5344
1845
2772
6570
4300
-7401
4275
5554
2576
767
-7595
5932
-6826
2780
-3368
-8255
9822
8070
-4011
9721
4683
5906
8676
-3512
332
4668
8624
-2543
3494
-6121
5303
-4187
6038
5631
-8345
9751
-9400
7228
2326
3390
-230
-4851
-9073
-6523
4700
4042
-4155
-3471
-4944
5249
5610
-8371
-934
9248
-1494
-2688
2203
7651
-2132
-1429
6013
-6557
-8074
2235
-48
-2994
-6821
9010
3133
-7202
-6137
-3743
9848
-9543
5012
-5773
4563
285
-2994
2162
2294
6034
7485
-2334
-9495
-6406
-6460
5662
5176
8776
-3649
6407
-3623
-574
1376
2241
-9717
2830
-9429
-8155
-4164
-7530
-8048
2574
4590
-3014
-4961
3530
-5528
4031
-1588
9855
-291
5454
4533
-3796
-9164
5069
8734
1774
-6681
7393
-49
3651
-9515
5803
7369
5968
1494
4459
5749
2232
-5839
-2267
-5670
-2529
1914
-2782
-1649
-9489
-6769
8699
-6088
-1960
3128
-1111
3070
-7620
-8134
-7021
-6987
-1262
455
3855
-6321
7830
-5003
1626
-5160
-6631
2782
1810
2348
-959
9386
5710
1689
-9664
-8041
957
-3877
6432
-6800
2745
3968
-2825
-6335
6258
-6813
-1478
-995
-1659
-20
6543
-7404
-7570
4508
7399
4980
1457
-2773
-3605
-8703
5214
-8022
-5193
5674
-3190
-482
-8953
7937
-5146
2793
-7528
-6142
9275
7435
9589
537
-8546
-8591
1863
-9513
7155
7054
-9615
-2085
8327
7123
-4715
5452
-4458
-3648
-7933
-9668
9048
-2540
-288
-2207
-9997
1348
-6330
-6054
3822
9111
3490
-9265
4250
9290
4580
6097
1666
-9144
650
5053
-236
-8658
-7730
9469
-9276
-3634
2010
5346
5207
-2147
-1764
4447
3617
2427
-9230
6328
-2945
-4099
1939
6670
8331
3064
-3443
-3487
-4439
-8294
-4097
9660
5650
-1436
6455
7852
1876
-2633
7642
7659
2511
-1261
-5797
1297
-7736
-8856
4067
-8289
1581
-6573
1312
-3703
2896
-4908
8907
4986
-60
-3226
-5433
4818
-4485
3772
-9976
-1171
5592
6061
4453
-7948
-7319
-3388
-3721
-2351
7343
6468
-915
-9806
-1347
6028
2824
-2332
-5956
274
-1126
1678
-3196
-1259
-5817
-4322
-6419
3216
-9229
-1948
-6929
1248
-5001
2799
3262
-5708
4328
-1086
-4295
-3424
-2840
-4370
8381
978
1695
-4998
5764
537
5326
3606
9575
8636
-2557
1896
6033
-8446
-6537
-1920
8354
-1100
-6620
658
7493
8843
-1774
-6154
-7851
-964
5743
6525
1235
-6491
9711
-7080
-9495
1362
6718
3500
5853
-9550
-7680
-9442
-2811
1914
6880
-8268
1309
-9252
218
-4257
4616
-780
1883
5449
-4578
3875
-70
-5725
-3916
9013
7346
-8169
-1127
7666
3423
-150
-4142
3359
126
-4772
-325
-8687
5300
-4550
-9323
7324
4655
-2416
2246
2282
7076
7187
-417
-4279
-9926
7371
8204
-693
9292
-6771
-6688
825
8717
3504
3236
-4592
6535
-2179
2956
-4843
6996
1969
-4873
5188
4532
7646
-3858
7403
8467
-4729
-9688
8957
-6445
4610
1355
8074
-4886
3504
-325
-6392
9482
-3523
5797
5167
1626
-6751
8419
218
7775
-2583
-7332
8341
973
9468
-3481
344
-6154
7077
-1895
-5885
8358
3793
-7828
-3645
-4679
9533
-7285
4117
5794
-5643
-3033
1110
5222
-3848
-2666
-8486
4908
-3596
3897
8304
-2121
2841
7765
-6997
-7703
-4811
1923
6219
8765
6874
6516
-4059
-6274
8483
8793
3742
-5080
-8740
-1799
-3918
9644
1526
7245
-6504
2162
-8337
-8773
2740
4181
-1109
-162
-7398
-9868
-1407
6816
-9514
4825
8434
2619
9481
1371
-9449
1861
1750
9277
-6284
-5347
4679
-8150
-9466
-4594
2175
-7252
1554
-697
7696
8512
3327
-4160
1747
1798
-9183
9783
-6274
2604
4368
307
-209
-5972
7465
-7345
4980
-1337
-2431
8296
-8732
-2358
6668
7361
1882
6030
-3700
-2320
1837
1725
-8930
5161
-7034
-4725
8432
-3318
-125
-7630
-7539
6490
-8338
5536
3001
8650
8151
5452
-2459
-5997
5155
-2692
-7418
-583
-9601
-1837
260
9903
-62
-5018
5241
-6315
3996
5417
-5313
-3102
9797
3942
-395
6640
4585
-7477
-4214
-1668
9252
-8870
-3212
8003
1181
-7066
8552
-8330
3515
-7970
303
974
1245
6879
6885
-6401
6592
-2381
8226
6698
2800
-5050
1235
1310
4690
-5888
-2041
-3925
6486
4566
6927
4800
7187
5346
-4677
2096
891
-773
6900
-1744
2535
-9918
-5931
-4509
-6957
4527
7225
9200
-4684
-9738
-445
8390
410
-2880
3835
4669
8993
2722
-1556
3927
2492
-2479
-8745
-7948
5504
3255
135
-6331
-4483
-7749
-5212
6603
5388
7476
-6942
-3242
-1181
-9319
-4772
4015
-538
-9984
1847
-3863
-3048
9918
-5034
-3274
2818
-1811
9502
-3414
-3751
-7850
-9616
-2497
7472
-2731
-1060
3979
-6307
6431
-4394
-9231
7126
-7743
-9687
5160
-5272
9265
-7299
-6380
-5848
-2257
3706
1790
3505
4964
2595
2801
-8417
-1190
-3062
1420
4927
7040
9157
-7741
-2639
7613
-4070
2927
1576
-6485
-7696
-4
6112
2622
-5840
-4194
-485
8219
-8990
-2516
-9860
5845
-6518
-3871
4990
-8928
8405
-9903
9800
-549
3378
8670
-5860
2064
-4452
-6946
6929
-9171
-1302
-3923
7038
754
5996
6731
5907
3621
3910
-7403
1600
4722
414
-4681
-6725
9592
1941
-8788
7456
-2400
-1792
-9613
-5345
-9983
-5678
-4417
8397
-2532
-4942
-4070
6369
3692
-3411
4059
9243
-2708
-5069
3038
6328
6165
6649
-46
1305
-2046
-3900
8668
-1436
5920
-112
3353
4965
9415
9739
-5777
3844
-2755
-1551
-3150
4592
803
9518
1729
-1932
1177
-2051
-4364
3050
6896
-3196
-659
-1041
6238
-3606
6119
5116
-8022
-7728
4416
4746
-2505
2661
-2386
-6413
-3747
-7363
-4781
-396
298
3632
-4902
2693
-267
-720
-1824
-3328
2236
-7341
8459
5144
-4612
-987
-774
3116
2817
4361
9960
6716
-2211
-9540
-3764
-9580
-6661
6259
9067
8990
-5105
8969
6704
-4184
7913
-143
8240
1472
8150
-8552
2588
-84
-6554
-2218
-5040
6929
-3614
1249
9347
-3484
9089
4643
-1691
8047
-2029
7993
-1789
6786
-39
-19
-4835
-9526
4743
-9878
7439
-2131
7776
-8970
-5577
5506
-512
-4254
-8205
-1988
3058
5884
2935
5917
-4757
6616
-3348
2822
-8721
-9186
8275
4561
-9140
8331
5705
1426
1738
4718
5387
-8957
6798
-3210
-42
6307
-2008
-6583
7003
2653
1916
3588
-290
-5638
-4859
-8063
-7071
-728
8595
-9383
8093
2960
9478
3705
-5973
-9756
-5400
-650
3733
-4254
422
6889
4398
3010
1286
8800
7733
5000
5096
4504
1134
2719
-8349
70
8752
5454
-4266
1129
101
-8349
-1609
-7979
-3184
-1375
-4310
-5996
-6851
2921
2239
-795
-1242
1969
1630
-1690
3639
-695
2214
-2966
2207
5593
-617
-5751
-4435
-7530
-5942
-2859
7345
-8394
6043
-8088
9840
6982
-1132
8644
-982
-9005
-934
8060
9143
-3446
7569
8337
-2813
-2842
-2390
5461
6897
-912
3293
2948
5552
-7218
2617
1706
6088
-1882
6530
9888
4293
-7121
2223
-1191
3605
-3385
-1131
-9337
3787
-9732
-3687
-1586
5170
7035
1872
-9546
-2897
-1013
9874
5039
5938
-2193
-3888
9935
-681
-7738
-6238
7642
9007
8622
4920
166
-9606
590
7109
-7547
1661
6777
5012
-8173
-5226
-967
-9467
4128
-4232
3461
8568
-9580
-966
-2464
6754
246
8356
5950
7638
648
-3273
-7290
486
-7109
-2655
-2436
-3834
-2526
-3716
-2035
717
3358
9208
6461
4899
-4539
3250
243
-2422
-2057
-566
4421
-7634
19
-7734
6368
3880
-5324
-6197
-4345
-5456
-5890
407
-2051
-2819
7828
-6833
-6640
1355
4957
1623
-6331
8742
7873
-5577
8036
-186
1839
-7396
-2349
1707
5913
-9300
6908
-8625
5066
-8591
-5161
1674
3498
-5645
1759
94
1315
-6201
9388
-7331
791
4866
4880
-8590
8222
1404
3400
-8229
2761
-1808
7122
-1444
8082
-8802
-4477
6761
-4325
-5536
-9506
5126
-9210
-1179
3857
7494
458
-9209
-9848
8325
-7182
3460
-439
6302
-7704
6557
880
6589
2924
3124
9583
2415
-8809
-956
-6328
8922
-2499
9808
-1909
4377
-2657
-8164
-5855
-237
9638
3573
7101
-1769
-5783
5330
9984
3395
9677
8880
-9129
-6421
-1707
-1682
-8337
7687
5796
9228
-3194
3694
-210
1167
5138
3608
1297
4905
-9286
8661
-6005
-7346
914
-4769
6696
7150
5494
3828
-6263
-1889
-6221
-8058
-5282
-142
-6700
4467
4003
-1444
4409
1452
-1115
-1670
-2444
7893
4626
5844
9603
-7419
-9910
4982
8889
4021
7756
-107
-2404
3706
2997
5363
-5606
-1328
-2101
-392
8840
4058
3103
5099
4407
-7447
-2126
1906
-7569
-1750
2842
2517
5036
6465
1502
9976
5221
-7174
8262
1069
5026
5285
-708
-1252
-9841
805
2585
-9745
-8235
-6958
8652
-5927
2508
-8699
2545
-6233
6939
-8724
5041
-3795
2882
-2613
5432
-1157
-3098
2970
-6046
6222
1368
7891
-590
-922
-814
9634
6475
-6944
5497
-8650
9528
8066
-9044
6109
-5020
5456
6844
5091
-433
-5929
4428
6328
-3879
3507
6834
-5666
913
-4540
6639
1166
-7183
3877
6183
6904
9086
-7378
-5707
-2024
1058
-87
-9934
-7121
-1917
9070
1472
6518
8450
8440
-611
6114
-4891
-4355
2442
-4736
4329
-3205
4465
2828
8394
-4882
-4955
-286
-2268
9886
31
-7947
8025
5812
3009
3120
-724
-604
-4043
-2566
1973
540
-7684
5468
8495
1182
9611
7218
4072
1207
9223
-2341
6272
7886
498
-6001
-1228
2801
-1273
3074
8818
7430
2377
-8688
-3356
6790
-270
7733
-5430
-7217
6808
-4031
6553
-1736
-97
4757
-6877
-8430
-802
-3754
-8778
-8376
-1194
-9133
7749
-5854
6355
2836
-6405
1098
-4854
145
-8188
-7023
-6108
2894
3846
9054
4740
7958
5720
8705
2045
-6140
-2999
8030
-7993
-7268
8537
3525
9571
4711
78
-1242
4490
-7574
7590
-3114
8500
-633
-1479
3673
-9671
4893
-4548
5534
-1012
7083
-6088
8496
5139
7946
-1590
3234
3930
-1346
-5705
2928
-3411
6303
3282
3431
-7262
9958
6579
-8146
5065
6353
3865
5267
-5226
-3450
400
-7426
8582
-7628
-2206
2884
1097
-8945
1856
5749
4172
-8088
-1221
-1125
7257
-7797
7307
6908
-4780
3976
-9774
-4529
5839
3944
2232
-8157
5047
438
-7898
-4302
1231
-8947
-6239
-3327
-3778
1150
-3905
1817
9019
7266
4784
1203
-6884
5139
2077
5438
-1748
5912
-6025
7818
-5393
6083
8792
-9236
9835
1867
726
1829
-1922
3840
-6048
-1555
7756
7709
1550
-2933
-1946
-9891
780
3154
531
9131
2262
2700
-1676
-5516
9478
2090
-9207
4383
2727
-8621
7099
-5808
8213
6528
4347
-1316
-4318
-2345
5550
-1802
-7707
9484
-3718
-913
-3272
-5792
3539
-7415
532
3086
9454
1738
-9437
4565
-7462
-9210
3598
3313
-6472
3545
8836
-7723
-8638
987
6183
-7714
2179
6870
8344
6014
-6136
4783
3312
5511
-1246
3664
3616
9031
4047
7402
-2678
1666
1202
-5155
-6895
-8639
4979
-2451
3371
6797
6737
-2752
7043
-4553
1871
-39
4121
-4617
-2705
3079
6622
115
5983
2086
-6646
-4417
-5608
-4558
-3990
-6082
7688
5316
179
2003
4402
-3045
3417
4021
-9108
-9882
7616
9863
-793
1331
1287
9862
-6456
-3642
7067
-465
-2051
3478
6
8915
5970
8994
-9746
-4775
8329
7523
5464
-1668
-8009
5225
-8639
-2980
-8513
-6296
-3426
-4086
4248
8947
-977
3669
-9182
-6080
5951
-3537
2340
-906
-9187
-624
6500
2001
-4952
8006
9061
-3100
2778
1247
-5924
6501
6064
3927
9392
-7539
7465
-6334
2186
5200
59
-1713
-9170
9304
7523
1003
-9108
7600
-5327
6824
-2316
-1960
-3859
9392
-6696
3240
-9882
2028
-7335
4357
7064
-1806
-4199
-7872
4847
3018
9235
8711
9785
9619
-3887
-1901
9399
-4148
-8029
5546
8308
1939
-5727
-6737
4221
5720
7258
3355
401
-7033
5880
2400
8722
9064
5143
3104
1862
5024
-3553
-106
4713
6487
1014
4175
6875
1394
-99
5851
-1871
4674
-2065
-7059
-4164
-1962
-6311
-1021
7853
9230
-939
-480
4043
-9329
-4990
-4742
2115
-1526
-9703
-7824
2186
-2984
2131
5276
-6588
3326
-9687
-2475
-5681
9542
-7324
8098
-2710
9816
-7883
-203
7158
-3611
-2101
-8227
7313
-9633
801
-6197
9260
6835
489
-1319
5489
-5531
-9332
-7661
9102
-84
8398
2624
-9442
9431
706
-2466
7312
-3861
-9635
8923
7762
-1770
874
-462
9328
-3178
2831
-1896
1586
9014
7724
8541
8154
-6272
-2910
3871
-372
-3927
-2873
9794
-1421
-9335
3645
-7840
1806
6986
-2760
4400
-3910
1204
-4644
5322
6833
5055
628
-2067
-3628
-2086
-345
4927
-4436
8484
4451
-7738
-4601
8695
-4489
5755
-9696
4488
8797
8947
9709
595
6455
-2251
-7426
7528
-5288
-2715
-6127
792
-3690
4754
3068
-4668
-9902
7332
-1539
2070
4474
2492
-3883
-1953
-2369
-1211
-3984
2449
-8657
-1846
-6580
-5094
-8694
670
-2019
7587
-1443
-3253
-23
2982
5505
-2850
-3561
2805
-1727
8528
7804
-9267
-7579
-590
471
-2039
5342
2212
-5080
-985
-1531
-6521
-4524
421
8773
3171
-7549
784
504
4974
-6636
367
-3910
-5367
-7649
4071
-1873
3814
-1308
1358
4825
-9781
3020
-6671
-1305
3802
230
3420
-8346
871
7014
-425
9253
5881
7674
-1930
8856
-4654
1675
-663
-8316
-5686
1311
1701
4004
-4904
-9241
-3622
-1722
-9874
-3242
-3639
-7573
6551
-1889
-8669
2277
1566
40
8363
2908
-7590
-899
7541
-8849
6808
1519
-8668
1365
-7833
-9538
-3066
5859
9006
-3523
6356
3914
7997
9686
-8090
8370
6663
-4193
-5257
-4841
-5368
3678
-1575
3476
750
4226
6574
-8050
-3446
628
602
-5874
6003
5329
1428
-2002
-2960
-5688
4816
-7201
9283
-2861
-3023
-7133
-4130
7139
-8241
871
-3566
-5942
4057
9664
3325
-2437
-3175
8057
-7597
7506
3743
1584
533
-313
7767
-5190
-3907
1183
6849
4901
-1910
-1140
-3421
64
-612
2871
-2492
-9806
1823
-1027
-3763
-3728
9428
3810
3364
-1797
1690
1182
3457
-6273
-9783
-4871
-9979
2090
-7395
-6168
2866
-6030
-5542
4035
-6157
-4498
-749
3907
-7368
9615
1174
-5210
6103
-5900
5985
-9134
-3786
3286
6128
8193
-2583
8767
-2668
366
8855
-5507
-8599
-805
5777
2636
-3520
-2648
-635
3886
-4443
-3411
7383
-7238
5357
-7717
-7335
-8916
1316
-6098
-8466
-3264
2177
-2421
-718
-6299
1627
-2745
4057
5568
38
-858
8055
283
9873
-7929
9657
5020
8216
-196
-121
-7197
8951
-5193
-8980
8162
4799
5367
4224
7935
1098
1572
994
-9489
-232
6973
-9776
-5466
-5372
2351
-4591
-2040
-5640
6766
-4853
7424
-9488
-6010
1460
5335
-3008
8867
7677
-8732
5905
-3675
1621
5222
6969
-8958
5972
2606
-8475
-3335
4059
-6883
4288
-857
7818
5882
-8805
-7461
2415
-1841
4288
-8214
-4414
9934
-5746
3289
-2364
-7708
4117
-6929
2656
-1649
5307
32
7243
-6812
-1683
4098
9604
-44
-4826
-294
-3652
-3800
2295
-5120
9223
3699
-847
-290
4043
907
-9550
4599
-1252
-7618
-2086
2913
-6160
-9923
-9062
2104
-5550
8107
7999
-4828
9194
-411
-9155
-7771
-5209
-91
301
-5983
-7982
-8537
5493
-2277
1454
-1466
5225
-5707
-7273
-8596
-9403
-3502
479
705
-2064
7291
2901
7628
-2012
8049
-3415
-2394
-9853
213
-8988
1959
6171
-5711
-3695
-8184
-9438
-2139
7981
-328
8441
8113
7670
-4872
4507
-8191
3013
-4781
1238
-3496
-6775
-2482
-5789
-4988
-3269
-561
1100
-9713
-992
-4694
-9038
3178
-1919
1251
-9824
-6729
1473
7709
-8523
8772
2843
-8571
-3553
6372
-1251
4031
152
-2779
-4380
3612
-9937
6030
91
5705
-6292
-7450
-4501
18
-4900
9396
-4904
-9982
2930
-1465
6588
8938
7833
-5922
4040
-3445
-4283
7864
-7218
596
8886
-596
-7367
-5569
605
-2533
983
8721
3508
811
7961
9819
-5665
7796
-8065
2434
-4621
6367
9300
9819
3708
4784
-2349
-4536
2126
7567
-3729
2095
-3717
-3984
-3148
1393
-8723
-4764
9150
-4574
-563
-6312
-4463
-9883
-9593
-9600
61
7427
-366
-3163
-1781
9735
-547
7928
1840
-2006
-7278
6935
-6130
-3993
-8569
-855
8919
-9656
-4425
4333
-5305
6702
4781
-4299
5647
-5818
-235
5781
-3393
7506
5556
-7919
937
-6859
-7447
423
-6607
4142
9928
-8993
7228
-964
-9908
-8492
-8017
-9944
2920
3390
-5501
3703
2914
7801
-6588
-537
4764
-5892
405
-5395
-9316
6811
3968
7795
-6938
4867
9244
1562
-6059
7772
6007
2648
-6518
4596
-4231
1642
-518
5891
-7918
-6368
-2399
7405
-8469
222
-5514
-7050
-9565
-615
9527
-829
-3887
5776
-3486
9771
-4202
4881
4180
4688
-7176
9887
3772
-5358
2019
-740
-6024
-3108
-8244
7346
-1074
8423
-6593
-8386
808
-9787
-3944
-383
-567
-6768
-790
-4240
-7491
-2345
-4040
3017
-5684
7650
4904
3389
9520
-4664
9271
-3076
1136
5975
-423
-3956
5422
-5681
3401
-4184
3023
2736
2752
4640
-7453
-1809
-8150
-4671
9278
3276
-4730
-5980
3092
-6023
8280
-6542
9663
7479
-2803
7527
-4272
-9340
-4743
-6912
417
-2222
1553
1632
2353
-1353
-8623
-7320
-6436
-4843
8290
-4812
2195
936
7548
9483
8323
-4406
-5899
6449
-9772
-2818
9558
7578
-4682
-6292
-4460
-3264
9205
-4611
4255
-6504
-5346
-9954
2374
6239
6128
169
3152
4917
6726
-9464
-5179
1815
-8664
7065
-3083
1756
-2585
-2084
8520
3794
8320
5762
-864
8985
5205
-8043
1798
7600
-6939
3165
9432
3876
-3052
-6272
3740
2777
-50
-9059
9784
-9771
-870
-4992
-4472
3872
144
-227
2656
3430
3037
-8397
-5916
-6450
4466
-6581
293
4464
8698
-1538
-4659
6807
8096
2362
-8962
2791
2928
-4748
-1458
7923
3333
2100
6414
2159
5270
8803
6854
-3240
6376
3916
5342
7153
-680
-5519
-8393
2683
-8828
3769
9571
6809
-5835
-7592
-1231
-1985
6507
5970
8893
-6964
-6064
7754
-8203
-7937
-1079
-5942
7056
-5105
-1464
-5303
-7757
-6924
-2858
-6172
6157
-7970
791
5562
-291
3271
-1998
-1151
1851
9849
1274
-2022
2575
-8265
-3453
-2540
-4559
2086
6072
-3941
-5414
-9236
1285
6332
432
-5472
-4275
9136
5771
7085
-6865
-3285
-4960
-5814
-90
2854
-2683
-2034
7316
8286
-4413
-5770
8694
-866
8383
-4895
-7732
6556
8053
4213
8189
-2866
2328
-4037
7481
-1116
467
-1705
-6998
9213
-9988
-4018
127
-1809
8561
-4993
-9953
9831
9756
-4811
6852
5731
7776
-9483
6250
7874
-5075
-640
-9506
-7337
-3370
31
-9665
5753
5335
3492
3976
2051
-8990
-2383
6157
-7341
-9327
4590
6483
2359
-2379
-8416
4046
-1864
5359
-9895
-5687
7248
2325
-2417
4111
6596
-4489
5741
8340
-8994
-9124
7766
8349
-7026
1766
1656
-775
4714
-3068
6944
-387
-9921
1458
7984
4860
-8865
1586
-435
4660
-7200
-2175
-2901
-7427
-9924
-8290
1412
-6601
5874
221
-6905
8692
-2998
5704
6158
2198
-1206
3190
-2109
8041
6293
4837
-238
-8504
6876
7131
3667
1414
418
4953
669
8360
6594
-7364
5468
-5994
9178
963
1077
-3556
-8214
4176
6952
8478
1559
6518
-2083
5238
194
-6131
-2686
-3633
-6529
5249
-942
2019
-6635
8761
-8731
-6490
4517
6718
8640
9921
-2938
-288
-1591
5420
291
-298
5723
-7265
1832
-6010
-3913
-7248
-5308
4380
-9180
4109
3519
-1200
-2976
599
-9174
-7690
8795
-1294
-7059
-4328
-2091
-4390
-1885
-9974
-9661
-2681
3941
5927
697
7258
3268
9958
7619
8284
-9635
-8285
5042
-9354
7514
5350
-8098
6343
3567
-4578
1673
6852
-513
3425
5694
204
-6832
-1134
2982
-6454
8364
-9427
-8690
-1941
9438
3123
-1089
1448
-9876
5658
342
-1254
961
5760
-4974
-7600
-2997
-3669
58
-624
1745
-6993
-4804
7523
2474
-1490
-5092
-6513
-3048
-6702
6034
-1227
6721
8373
-4006
5403
-379
-6728
-2702
-2939
-1487
1800
3415
-6200
1175
1400
7996
-5153
-7929
722
8826
5822
982
4548
8164
-3874
9401
9885
-6230
6976
569
8690
-5433
-1812
1451
6528
-9980
3418
6534
-8603
7146
-3438
-6045
7482
478
2402
3023
-1626
2381
-4031
-7224
-6620
-1849
1842
-2497
-5858
-3663
-8753
-5386
133
-2801
4073
1837
8915
-1750
3473
4882
-7846
-6607
-7536
566
7796
4313
9865
-2044
-2783
-266
-525
-6517
6546
-3190
3150
4669
9667
2772
3259
-1216
3142
-7848
791
-9280
7982
-5368
-2723
1922
-8330
9553
5764
-7846
-4209
5791
8377
3327
2163
-2798
9919
-5980
951
-6112
-3891
6075
-3661
1008
1843
2270
5618
-7953
2751
1802
-6957
3296
4623
2250
9339
957
-2747
-4720
3962
-7645
-9950
4102
-5879
4097
-6834
-9135
9962
4952
-2004
1053
-622
5052
5762
4074
-2469
638
8938
7723
7500
-3826
-6470
-405
-4106
-5632
-8430
-1761
-4024
7829
-3864
-7167
442
-6422
4267
8740
6095
9060
3819
7418
-6071
6759
5706
8523
-966
-3379
-8208
4730
1891
6190
8833
-5316
-3043
4676
1629
-4439
-3811
7025
655
3151
-9618
4625
-8623
4488
-8540
-7705
4762
-1336
-524
396
3787
5278
-3886
-4532
-4187
3760
-8317
-4527
5171
7767
683
4560
6361
-3396
3941
1875
-8949
8930
-8175
-6427
-6074
819
3
-6983
-4648
-7423
5624
-7283
2253
-4164
-9268
-7861
4844
-302
-5880
7688
-8938
-4915
-5728
5359
6074
8183
-3534
6205
-8938
9568
2072
-1120
7724
8635
-1490
5877
5498
-4442
610
-8241
-4460
8053
1918
9384
-6799
-3756
-9039
2726
3299
9539
1142
4134
825
-9655
1876
-584
920
-4859
5038
3172
3520
-6663
9654
-5464
7134
-2822
9759
6793
1866
-4936
5313
8195
-7410
5755
211
3747
8048
1808
-698
779
-4357
7513
7530
-9403
-3522
-5741
-8222
6781
9553
-6063
-9424
1640
-8545
4277
1467
332
-8846
-4807
297
-4079
1048
-4109
145
3447
-2653
678
-3318
4494
-7497
-3011
-3999
1430
1917
1800
-1910
-7303
1929
1387
4154
3265
-9648
-5414
-1901
3398
1604
6642
-2851
-6568
5069
-1345
-6374
-7429
-8895
1639
7329
1710
5781
1680
-3552
-8517
-5677
-9483
4132
-5563
2215
894
-6204
5380
-9675
8734
-1405
7324
4277
6056
7057
-4720
782
-3907
6412
3002
-2117
5510
-8000
7440
6556
-6020
-3311
1152
-9270
2726
-6626
-7250
-5015
3668
1744
1623
-5710
-1696
6298
7468
-8509
8392
3546
4222
6558
-1807
3415
4692
8893
-6796
1520
-8760
-5875
9950
2754
4552
-1471
6402
-5963
-8507
188
-9504
4730
-641
-8364
-6754
2361
3036
7401
7974
2643
8339
-8489
1209
-7682
-2096
3377
6577
9636
6020
-9279
-657
9701
1104
-1885
-9527
5485
3931
-7193
-5521
-5573
-7054
3400
3616
5005
-5844
-5765
-3057
4128
-7968
1307
-2611
-7750
2438
5840
8866
9031
-2797
5247
1394
-9991
-4395
-1948
2749
782
7885
-6465
1309
5836
-366
-5953
1923
-4302
6074
-8742
9604
425
-8871
6471
7052
-7940
-8223
2013
5662
-1764
-1741
6293
-5303
-327
4652
-414
-7362
355
564
-8076
-7103
-4275
7890
4654
-6173
4526
-7832
5480
-5726
-277
2125
-6486
2846
-2930
8395
2890
-6616
6740
5971
-8067
-8838
-1782
8788
1090
5520
9699
-2729
-3132
-4850
-7928
-1886
-1035
-2979
-2722
7344
-4864
863
-3646
-5419
-5730
-5180
-2805
2620
-2926
2649
2754
-1077
-583
-6923
3812
8206
-9141
9944
5119
2197
-6487
-86
6446
1747
-396
-8222
-5393
-2971
-5218
-3742
6912
1792
-6393
-6090
-9016
2132
-8846
6712
-9424
-2259
1196
-1795
-3833
9956
-6329
6613
7478
-9517
-9519
-2389
-9571
-7482
3276
-2938
-6706
-256
6759
8032
-5580
2809
-5156
3724
-2554
-8082
7665
-7244
9886
-9642
-7490
-2563
1288
-8713
-2016
6368
-8002
-7256
-8776
7939
1004
-5622
-111
-4837
5076
6541
-5893
6278
-97
-3118
9209
6363
4502
5184
8882
-4246
4690
8527
-298
-8936
-473
2253
-4182
5093
2347
9882
344
-6828
-9796
-5457
9429
6914
7530
4754
-102
-8632
7843
3972
7917
103
5912
4197
6491
-4882
8507
8959
6894
-6804
-1307
5967
-4214
102
-1233
-6498
8158
-4285
2876
6527
717
8354
7221
4766
6043
2310
-6389
1489
1398
2695
-5286
5456
7403
8986
7810
4615
-752
-531
8998
2283
8087
1876
-352
1290
7274
1729
8409
-2649
-7695
7717
-6883
3286
-8892
-2569
9054
6982
-8729
-2565
-8323
-3531
8042
1066
-6713
-2378
-1584
-5773
-134
-1800
-4100
6742
1491
7757
1217
-1081
1537
4603
-4860
7865
-7432
-282
-6497
-9750
-2113
-7997
3266
-2537
2237
1692
-4856
204
1285
483
5838
-1451
9640
-1972
-4568
-8409
-8041
-452
-3871
-7490
-6214
2144
-3498
-1732
9179
5024
294
9862
-7208
-1508
-5333
-6613
1416
8717
-2872
7299
9899
-1700
-6968
5726
-2747
-196
-6433
-149
1102
2376
-7224
4960
3019
4688
-9801
-8958
5259
-5022
2504
2352
-9413
-4359
-808
-8781
-1529
9594
2320
2437
286
-8178
-6937
4756
2896
9201
7322
8149
-8367
5918
36
-3269
-3670
-3971
7676
-8507
-8535
8150
-5500
-8834
-6545
-8630
-2661
-245
-747
1629
5270
-6867
-1272
1890
-2514
8942
3526
2807
-5901
-4062
-9876
5103
-5864
7480
-323
5710
-6633
-8355
-7139
9449
1663
8619
-1419
2308
-1655
-4105
-5306
-709
-299
3485
-8169
8781
-2675
-5207
1142
3887
-7123
3973
-6669
3694
1605
6637
195
7234
7515
1533
-3091
-4354
-635
-7108
-5523
747
-7077
-7008
5056
1659
4139
-974
-5804
6256
-6996
-8323
-3315
-5179
-8908
8999
-7708
5832
6407
-2767
9481
-5170
-9991
4213
1647
-938
6254
-9718
2517
-9381
9557
-355
-6414
1109
1559
4537
-9601
-8652
5400
-8814
707
7251
-4799
-5457
-1209
-4013
-2251
1882
-7496
5259
-1474
-3366
2651
1692
9641
6960
5754
-8816
8223
3817
2368
7717
7668
-9835
4822
-6120
-5295
-8725
3355
802
2964
5741
5842
-5360
-7726
8231
4363
5165
-1233
4904
5261
7594
2812
6450
-8231
-6329
3284
470
-9371
6928
6737
-9544
7031
5700
749
142
-7977
-9742
1762
-5369
6558
-929
4897
1691
4461
-1248
-5854
1361
5221
-694
1422
374
-7552
-1464
-5604
3040
-9459
5709
8825
8553
-9854
-6348
-6909
-6266
9490
-455
7960
2553
-5514
5875
-8668
3495
8596
-9155
-89
-486
1703
1614
-4822
-4712
2623
4717
-1177
-3968
-8985
8354
9707
-8607
-4679
-8367
8266
3092
-3050
2123
-1077
2572
4022
-9852
-4617
-9534
8467
2046
-9992
-1834
9858
237
-8520
-1411
-5182
1164
-7943
-8823
-9723
-3109
-3586
4178
-7889
-2336
-6043
-2607
7246
1776
4284
-3805
7589
-3436
-9850
-678
-9509
1842
-6410
-4657
52
669
9373
730
-2038
6134
1279
2740
-500
-1662
-5769
-8905
-6334
-7062
486
2656
933
-909
8169
-3711
472
-8486
-2295
2652
4996
-1636
4997
490
-8063
-276
-4509
989
-636
-6809
-6569
-3166
1786
-3286
-1931
-1828
-4962
5832
3802
1944
9102
2703
-5614
8456
6565
-4626
1198
8862
-9434
-9540
-7948
1544
1230
-6281
-9182
2418
-8019
4502
4240
9177
-5448
-1126
-5218
-802
2408
8969
-4439
4760
9984
-3064
-1097
-9284
-8391
-6441
7603
8541
6602
-4439
-9309
6073
3348
-3482
7340
6828
-2256
-2142
1530
6730
5359
3043
-6037
-8703
4462
-6054
7178
-5449
-8390
9996
-4766
-836
-4153
-8503
-5341
-3418
1426
3578
324
8358
-1694
6886
-5463
3396
-433
6572
8147
-8080
-9415
5464
-4521
-3929
-8049
6002
5221
-1459
2968
4683
-4388
-8040
8024
-2727
-3370
6149
-6439
7841
-5101
-2268
4160
-4218
6114
-3653
2842
4669
-2805
914
-9085
-5251
-1379
-3959
-8753
-2736
2788
-8404
5814
-7833
1802
1304
7888
-3704
7438
3841
6873
3898
-2994
5249
3286
6669
7222
-7885
-7586
1526
3166
-4516
-2490
810
7659
5030
-8879
1595
-1387
3136
9211
7014
-7399
-6650
9584
5002
-4985
4648
4784
3717
-669
-3502
2345
-3598
-9448
-2184
3747
3257
-2920
2066
9607
-6959
-7038
9263
5971
2437
8115
-4669
-239
148
7096
1393
-8146
-8267
-7011
-2455
-4582
9498
-6553
-577
4214
4775
-1476
-9569
-751
5289
-2229
-2399
-227
-2742
3861
8021
-3718
4702
-1420
9715
-8885
-1612
-4698
8366
3365
6939
5102
2717
-8622
-7193
4785
-5222
-4840
369
-5329
-6779
-9799
4036
3747
-3437
-9110
-8664
-1635
8106
-9172
-8026
8154
-8649
6901
-5591
-2588
5747
5936
1793
8680
-4312
9119
700
-9892
-8887
-5060
7521
3841
-4041
-1299
9829
958
-8276
-3745
-6950
6669
6374
-8369
2278
-6807
4319
4370
-4902
-6686
1668
-8800
-6685
3845
1600
-9333
-3263
-8286
39
-9666
-7126
-4905
-3183
281
4695
7145
9837
-6088
8104
-2870
2216
856
4132
1401
2892
2022
-8112
6188
-9039
4627
6472
1953
3916
-7574
-7450
6827
-8011
-3656
6348
7606
-2646
2227
-1851
2254
-4120
-4292
-2865
-2578
-4660
2479
9090
-2035
-5784
995
2604
-7916
-1370
-2723
-96
-7858
-26
-478
-5673
3259
3583
-84
-2289
-7265
7762
321
1418
-3891
-9969
6723
8196
4303
6289
9065
-1887
-4805
-3674
8384
-3954
9978
1421
-3893
-6536
-1531
-6387
7971
6426
347
-1813
-7706
-4637
2782
9515
1148
8734
-8145
-5766
2673
-8570
-3539
776
-5995
6692
3588
7814
4296
-3561
-3503
-6323
-4410
-1892
5588
-6134
7873
3111
5483
3395
-7712
-5937
-9368
8789
6715
-4049
-8302
-2980
4481
1030
-4642
-4639
-9932
-2841
9990
-9596
-7561
5121
-3922
3992
-3480
-1333
-7081
-7183
904
-2055
-8277
-8624
-8160
-1627
6795
9217
-2740
9199
-6564
-7475
-5248
-1030
-613
7999
5421
6602
-4514
6088
7496
-8459
3822
591
-6667
2978
-1245
3082
-2935
6255
-9581
-9482
235
8075
-323
-3413
-1611
8115
-7831
-1637
5059
-6885
4707
-8324
-1303
5491
6749
-648
-5476
3280
4711
6284
6122
-6013
-6272
-2974
6403
1127
3040
-5378
192
7034
-4816
-854
-6759
-5656
-3153
-1912
-3940
-3707
7038
775
-2259
-282
-7272
3967
9872
4783
1192
4249
-4664
-6699
-9306
7236
-5343
7375
8266
-1934
8054
9224
125
2686
8348
2303
-705
283
1467
8181
8027
7530
-1020
-6417
3066
9382
-736
-1549
-1359
-4047
-6662
-1123
-6345
9827
1577
-6437
6650
-3432
-4868
2181
5615
7045
-5243
-9765
3655
9881
8993
3054
5717
4649
2306
1738
-2801
-2915
-2994
6020
-2740
3294
-1045
-7143
-343
1184
1048
-2936
1473
-8166
685
-3387
-64
-8971
-7112
-7442
-4566
-8194
-6032
6194
-6358
-8290
2840
-445
1099
4101
2979
6097
-2139
42
318
885
-2862
2211
-9126
2034
-7233
8675
-3228
3186
958
-8711
962
-5744
5056
-5657
917
-3342
2451
6315
4077
2094
1559
127
4918
1049
-1458
-6351
-680
-348
9184
4247
5858
5833
1328
-2354
-7780
-7396
-7924
-8284
406
3647
6063
-44
-5681
-4401
-941
1881
-9502
4121
7073
5649
-2035
-9143
2639
7211
5943
-6088
6952
-6572
9236
-3715
1287
5096
7891
2656
-3833
8179
4226
-6293
1201
7000
-4015
9445
6071
7493
-3994
8900
-8101
-9712
-1826
4849
-1652
4725
2428
7851
5612
3005
-3473
-575
949
-9737
-8798
8350
-1763
-5542
3230
9171
886
4631
2117
9893
-2310
8210
-912
8945
-9590
5284
-3055
-439
3353
3604
-4670
9638
8921
3130
-1469
363
7690
-5424
6075
1642
-1400
2580
-581
-514
2577
-5283
-9149
-2806
-6493
4589
4777
4617
4238
-2952
3097
-8444
2981
-6577
-5991
-4362
2961
-100
8510
-2283
-522
2733
923
1502
-3603
-6732
625
655
-9260
545
6522
-7137
-5254
-1837
7153
-2
-8139
97
3677
-6340
-6242
-8197
8759
6826
-3592
-2355
8909
-3439
4267
5462
9327
-7540
-42
-2788
1308
-8599
-6777
-5018
8322
-4734
6956
9827
-6910
6991
-7779
5450
5047
7254
-8423
33
8196
6495
-4439
7520
4467
1177
-4016
5785
-4517
1124
8288
-2927
-7719
-9564
-1397
-5596
3349
-5264
-2283
9709
-6288
3795
174
-6808
1172
-6141
-7740
-6751
-4433
-7190
1528
7732
-7764
3030
1984
-1515
2860
4175
9910
-6634
7876
-4777
3011
-8147
-2169
5949
-7047
4601
6857
9487
9932
-4266
7377
-6140
154
-4509
-1554
7410
-4137
-7636
3055
10000
4371
6662
7600
-4304
4790
-2079
-4992
-7466
-1792
5380
-6011
-7421
-9236
-2670
4332
3613
-1500
5789
-8189
-5681
-5811
4388
-7415
-94
-5332
-4598
5861
8874
5299
-6361
-1866
-4006
-7751
-5483
123
9265
8698
-4985
-833
-3140
7228
-4692
-2015
-1667
-451
-6052
-114
-3072
-3080
-9642
-8647
-3945
5906
2899
-7578
5864
2250
934
-9378
-3353
-8314
4355
1630
-198
8826
-7288
6243
6652
1985
2175
-1184
8878
-6137
5199
-4051
5741
-5620
9090
-6083
9176
1238
2591
-4283
4073
4532
-2499
7357
-9678
5907
9928
9185
-1175
-6056
-1342
6600
-7191
-3154
-5950
-5497
6745
640
3792
2016
-5692
7918
624
-8526
9670
-6793
-1980
-5408
-7825
5195
2946
-9214
-1222
6920
1364
3990
-8928
-8813
-8993
-7825
-4673
-7581
4843
6444
-296
-9159
4151
-1042
-8726
-8605
-4706
87
-6266
-2922
5758
-1355
8960
1497
-2145
845
-1584
5514
3815
4717
-7859
-7582
596
4028
-1535
6360
8657
-9388
-4535
-2921
-9056
383
-3280
-251
8829
-2606
-7719
-1796
-7247
5232
-670
8685
9351
-9442
-6537
-7024
-9215
8239
1687
6759
-9258
-6346
7397
5640
9408
-7207
-198
2413
-6016
7473
3334
2576
9775
9922
-8702
170
-3624
4960
4688
-7043
2454
-5986
-8477
4716
1786
-6217
8349
9811
6427
-2624
6910
8646
-6719
407
8204
-6282
3323
-48
-3890
-480
709
-714
9992
-9088
-6301
-5120
-8231
7698
-8289
-9566
8997
5079
3910
5305
-1591
-4879
6175
2298
9867
-8025
2323
4220
-3813
6965
-6438
-2228
8304
6408
-2934
-6593
-7272
5748
7101
-7891
-2530
-4247
6357
9773
-4885
-2116
-4800
8161
-5385
-671
-3176
-5120
-8595
1500
-5419
6267
-6221
5549
-5602
4307
924
-94
-8958
-7188
6709
3280
-1315
-148
-3516
997
-4620
-7187
4774
-2462
-586
-6757
1742
3314
4024
-752
-9908
6634
-3314
-3908
-7705
7955
-6126
-596
-8433
-2995
-9130
7798
-3192
-764
-1979
-3241
-4858
-9445
5346
-8097
-4755
1931
4808
-8888
2983
-1895
9554
4770
-3337
-7748
6320
9512
9022
-4085
-4771
-8432
1377
6177
7026
-2902
-2658
-3916
-6968
3649
8980
-2345
1228
922
-1572
-2341
-9038
972
6921
6869
-1045
8129
-9458
3657
-7722
2000
-7600
356
9770
-7572
-1568
5691
-2869
5562
-7014
-9358
4085
9308
7920
2827
-2174
8815
-2780
-1998
7693
-2577
-7354
-334
226
6462
-168
-5643
677
-3222
7391
-8735
-5522
-4329
-9204
1918
4421
9507
4577
-4859
1119
-4626
6223
-3929
-4611
-6117
8872
-3678
571
3336
-1506
9381
9423
7795
-8136
7744
1483
84
-8428
6112
3755
4106
-5518
890
-7405
-5517
1399
-9103
-1810
9836
-3802
2176
9223
-6558
-1489
1143
5813
-4772
-9822
-1523
82
344
-1872
4544
6081
-8022
-8244
-8735
4656
-1324
1705
-5981
-6447
8736
6820
354
811
-3065
1948
5355
-2406
658
5645
-1676
-611
-8104
-8066
-3475
-7298
-5264
3855
4278
-4736
-6162
-3382
-2853
-9440
9325
-8937
-2386
9541
-4881
-7169
-271
2245
-5190
2679
7241
4726
8541
-2943
6160
1033
-637
-8244
7453
-3894
1670
-2315
3218
-2719
-824
2874
-4042
3951
-3262
1597
5963
-2765
4205
6370
4551
247
1823
-8243
852
-6972
1207
6683
9104
-2994
8034
5996
-7760
1618
-9293
-9558
8326
-7291
4225
9960
-8203
-8619
1035
-6968
614
9213
-1301
-6260
-9102
-2897
-6597
5451
7889
5385
-8721
-8582
-6989
-2014
7126
930
-8412
-9000
4585
1323
5506
-8447
3347
-5461
-5233
5676
4775
-3718
9450
7881
-5382
8258
-5331
2396
4355
-3413
-9700
-3990
-1885
2444
9863
792
9954
2210
2632
6309
3716
-688
-5934
-5101
7413
9763
-1745
-1920
2090
-9991
1790
-6104
1845
-4067
3344
8536
3699
-5106
4535
-2515
-9716
-1679
-6574
3442
8038
6237
-3412
-5969
5084
1052
-1468
116
380
-1471
3386
7967
2599
7587
8556
-2911
-6804
701
-7282
-3927
-7281
-8502
-864
-868
351
4968
5481
495
7864
-8920
-7107
-7009
-7241
-3758
-4022
-2906
-2055
3133
6720
-6777
2700
-9984
3062
4408
-1917
-8770
6012
7502
2460
8323
-7717
8057
8684
5749
4781
2190
-8923
-3380
-5787
4941
9924
5748
9399
-6494
-4395
-6618
1142
-5848
-6825
723
4650
8611
-2104
8198
-266
2081
4062
-5601
3041
1098
-4259
7849
-1800
2006
-4420
8285
7743
6065
-5758
1975
-9634
1656
2072
3972
-2609
943
3530
8502
7467
-9189
-6924
3863
1126
3789
4029
356
-9484
1397
9428
-9382
614
407
5921
-9041
613
-2762
-3108
-8618
9969
8326
7041
1440
-281
-5887
1861
1815
-3134
-5502
3387
-3888
3703
-879
-975
-2868
4147
3417
431
1347
-3343
-842
8323
2553
3356
4202
4275
-4871
-7258
-584
814
-4612
-9135
5308
7025
5089
740
-3637
4219
4080
-6714
-178
-4161
3018
-3038
3447
-2368
-2850
4779
-4983
-349
7285
-5549
9486
-2581
-610
-6815
1581
5248
-7010
606
-6512
7516
5470
5721
-8848
6465
6735
3135
-4182
5218
9492
4514
-6618
-8473
9739
1720
-8930
-7871
-2303
-4741
3054
-8226
-7539
-6728
5128
-4207
5244
-389
6046
5374
5778
6878
78
9917
1847
-779
4083
-8175
-2121
1290
3408
-1827
-6958
-3682
8564
1646
7074
4215
8592
-27
2414
1827
-5286
-4659
8448
5387
-3611
8922
5741
2801
8103
2570
4653
-973
5450
-4722
-1171
5576
-9962
2300
-590
8490
4274
-6155
-9445
-5863
3363
-1172
-5696
-5019
-151
-908
829
-3593
9989
-6256
-6130
5797
-4054
6669
63
-7594
-2779
-116
8879
-2691
-4251
-4234
9661
-1365
8098
-6161
-735
-2765
-9368
-9625
-2007
319
5012
7807
-8076
3863
2885
-8855
-7344
-4675
2274
333
5558
1892
3963
8619
754
-309
-2274
-66
-2696
-3255
2190
1614
-3911
-8184
-4949
-6520
-7907
2411
9983
1584
6262
4910
-6609
-5557
-613
368
470
1332
-2084
9525
3796
-6104
7504
3256
2625
3990
-8643
-8127
410
4114
6249
-4808
7326
633
8295
7573
4201
2625
7523
4667
8032
-9633
-6801
-4175
7535
4458
8735
-1241
-2106
-2743
9018
2706
-2703
552
9163
-4278
-5943
9723
1410
-6691
1076
-1810
-234
-2327
-2268
1373
-950
-7171
-7053
1386
-6957
-9207
-9926
7138
4745
-7576
-5770
-3606
3803
7114
6039
-8001
-6889
-3965
1573
7760
-298
163
3043
2597
-8414
-5909
7051
-4749
-5707
-5420
8559
-6049
-7417
-2397
-1650
6609
-2769
-3446
36
-1627
-475
-7165
-1663
2252
-3272
-8170
2240
7467
2374
4157
-5903
-5113
1904
-1139
4654
-8440
-8740
828
9601
-3394
-1287
4974
-4577
-498
-9828
-6405
5841
-3701
4944
-4891
8780
-5519
5526
819
-3488
-2412
9725
4179
-2716
-4523
-5697
5617
127
-9240
5917
8086
1621
-5583
-8163
8533
-2288
-1505
6744
-2056
-3711
533
-8472
7785
-5626
-9142
4788
994
6172
2128
6712
-1382
-541
-1020
2717
6886
-1769
-6063
-3298
-8595
-9399
-3628
-1298
2803
-733
8457
9190
-6669
9679
-9944
-1792
1046
9357
5020
-5172
2225
-9204
-7041
-6396
-458
-7422
-7580
-7219
-7062
4155
-8520
-7658
7522
-5046
9986
5252
-5312
5980
-3605
7614
-7136
8826
8155
-9845
-7291
7704
2533
8701
7024
-4309
8002
-9509
8619
616
-2324
-9175
-2441
-2672
7594
-2134
4254
-8311
165
-5348
4584
6685
-2285
3154
2642
587
-5021
8804
4635
8757
7668
-4489
-7186
6025
8875
3125
381
6982
7302
-9640
7775
8979
781
4271
5860
5026
-932
-5173
724
6454
-5887
3584
5644
7695
-5283
-6593
-1972
-2364
886
3305
6483
-8051
-351
-8358
-4456
5626
-5099
-1921
-9772
-713
5986
-81
-894
4462
8240
6323
8089
-9642
4689
-7973
9426
-4449
9682
-8825
9706
-8889
-8358
-1742
5153
7514
9365
2547
7158
7616
-5472
-697
1158
3290
-333
8534
-6516
-9307
-6026
6542
-6143
-4672
9769
-833
6529
6626
-5266
-7986
-8816
3203
-1159
2336
-1791
-2086
-2968
-9299
1241
8371
7412
4958
1085
-6789
-5204
5524
-4456
4871
-710
7
6818
-8123
2329
-5525
-6882
6176
-2967
-7273
8870
-6150
6058
1993
6853
-5418
-7521
-5440
8697
-6718
-7249
-4382
7056
-7723
181
8134
-8151
4690
6476
9514
-2263
-4690
-548
3971
-9209
206
9644
-5790
-841
-9
-6825
2859
-7697
5375
-7129
-8032
-8973
-4319
8713
6536
-740
-6029
-7245
4813
-6021
-1123
-3304
-3380
681
7015
3705
1583
8780
2030
8910
-8146
-5755
4842
-2264
-6810
7554
2314
-2926
6134
-1449
1320
-4519
4861
8251
-6498
-7183
-1415
7342
4367
-7160
3638
-6536
-3391
3086
-113
-1752
-175
5355
8246
4420
-5090
-5093
-3453
-6088
-9380
9817
-6200
-8734
-7294
-9363
-4943
-1400
-1179
2605
-9629
-118
2293
-8616
-8468
-4878
8199
1094
6475
4444
-2113
-6028
1991
4708
-9631
-6328
5346
3055
-3222
3208
-5262
5948
485
-1746
-2810
8082
-4447
-2035
7654
-2363
-6518
-3985
-5838
-3252
-9046
-1238
3100
9618
-4013
2435
9537
-5155
190
-5286
6306
-9332
-6972
3369
7598
-1257
4929
407
-270
-4468
2266
-4273
6217
-9963
7514
-8024
-8384
-825
-8820
1160
-377
-637
-4706
-5440
5659
7043
-6018
7858
-7645
-1665
-2284
945
2120
4446
910
9786
-9993
-4089
1370
-6886
-1333
-6902
-6274
7549
-9876
7741
1647
-219
86
7592
-4542
3134
8313
9580
-2080
5705
-2844
-7113
6977
-7205
-2323
-234
5358
9142
8600
8903
-6158
-9028
6814
5832
9192
-7496
-9523
3318
5883
-3075
4830
2337
5076
-9896
4885
-2668
-4444
-7883
2635
-3078
-6750
-4223
-2028
-1057
9690
-2950
-9374
-2076
-5768
5864
-2614
407
-9701
2837
-2680
8824
-452
-8402
-4807
-9240
-5173
-351
-4082
5020
4288
3700
5466
-4671
6270
-2448
2677
8046
7404
9194
-5266
1123
-5533
-4846
-5733
-13
-6588
4513
7290
-1829
7898
-7700
5247
-3168
667
5796
1151
-7286
4864
2352
9261
-424
2113
-340
8587
8922
3083
2472
2566
-2733
9930
-8764
6827
-6424
-409
3364
-8254
-6109
-1871
5873
6639
9098
8774
-3553
-7965
-9534
7480
-6292
-9278
-5633
-7154
-8349
7137
7280
-7164
-2560
-2575
3009
4341
5828
2938
4586
-3122
6890
8812
-2455
5082
-4707
6273
-1552
5541
-9874
7047
7661
-3748
-4844
4963
-4891
4170
4249
589
1640
-9626
-8646
8348
5983
-8032
-6285
6806
-2044
-8959
8787
855
6801
9295
6762
5437
1031
9968
-8224
-2290
-6357
-1179
1602
1160
410
-8960
7633
4304
2878
51
-9017
2173
-7489
-5214
1926
-9819
3868
-4521
90
5227
1397
-943
-3143
8460
-2527
-516
-7475
2044
-1182
1031
-5414
2081
4099
-8794
3769
9485
1979
-624
-3247
6627
6447
971
5068
4095
8914
-1455
-5355
9772
-7735
2387
-9641
-6260
-9512
-2434
-4513
1280
5891
3221
-8015
9678
7705
-6778
8254
7579
-468
4909
7846
5943
-1532
-2729
8862
1811
-4462
-7417
-116
-4421
-3706
2471
-8247
3056
1295
-2719
4161
6595
-1019
-4604
9113
8647
9035
-9635
8089
5519
-1682
1553
-8445
5316
-5637
3766
-126
7305
-6076
70
467
977
2803
2529
-6472
-7210
-617
9827
-5491
1268
-6272
4744
-2286
1327
4845
-7119
-3551
-4493
-3913
-5991
-7055
4057
-6502
9925
-4969
-4756
3680
8461
7005
-8476
-1306
2884
-2800
3745
-4547
1151
-8936
-7053
-5401
363
-3210
-2611
-4067
-7292
3675
411
6609
-7027
6921
-8725
5660
8913
-5663
-5417
-6406
-4891
4991
5035
1359
4200
4437
-8662
8400
-2007
-8466
6764
2721
3779
5805
-1506
2323
-9995
8108
4999
5368
5139
6618
-7297
-2938
-2870
-4348
-7178
-4699
-6328
-7858
-891
4001
-9795
-3081
-5468
8270
5389
-9426
-8597
5705
-7107
3483
-3337
-722
9773
-994
7734
8736
652
-2717
9005
-1061
-453
-7791
183
2541
-6981
1087
6843
4321
-371
3685
9019
-4681
-4821
-5836
5315
3401
9918
9806
-4332
6389
-2118
-5906
-6619
-1030
8216
2651
2447
2187
4769
5596
2846
-931
6639
-34
9045
-4083
1285
-6191
5960
-9582
8161
7684
9518
6494
-5821
7711
8665
6741
7601
6894
-7789
7359
8492
-2319
-2401
789
1664
-1540
-2848
-9853
9325
-8096
-662
-9291
2349
-3350
-4401
-8037
5417
-3762
-9459
4053
-8025
8556
-6957
-8274
1620
910
-2319
-8167
-6425
-1701
-8347
1392
2697
8372
-804
-217
1610
9449
6982
-204
-1367
2367
7270
-3153
-6760
-4836
3930
7308
9723
2268
-6895
-8289
3664
-7162
-237
4128
-2431
-7032
3040
-6396
2688
-5210
-7921
7911
300
-77
4291
-6828
-5267
-9388
1924
-8647
9863
-8460
1122
736
8815
9704
-9441
-4328
8117
4169
8554
7298
-5340
-5257
7549
3831
-1009
7776
-2557
9107
7760
-4497
6633
4845
-3227
-1812
-1184
-2725
-5375
-6508
-7701
9442
3544
-4768
-6109
9810
-3998
-2259
-9588
-6078
-6117
8611
7474
-7094
-9552
-7605
6388
9552
-9340
3178
2951
315
-9770
9097
8417
1259
9286
1901
794
6872
3357
6624
-3509
-8583
8337
7308
5707
-6739
805
-3063
-9998
6577
8978
-3763
-2779
-5932
3331
-7172
-5041
-5629
-6045
-9947
-9891
4204
6902
-8747
8140
5854
5197
-7232
-6466
80
8169
-6482
-3228
614
6916
-1007
-7851
4322
4984
-7245
1046
3132
3205
-1534
-219
-3903
5795
-4831
632
4568
2383
8460
-6114
226
6576
-4190
4720
5441
3538
3052
1760
-6909
1666
-5084
7583
7934
-4841
-8477
-7787
3104
-9659
-8061
-35
4848
-3765
-9197
4661
-7661
-2460
-2158
-787
4557
-8601
-4618
6620
-4745
1787
3741
-5120
8037
-3820
-4217
4539
-130
-9152
-9117
-2519
-3594
-5225
641
1039
9778
434
377
-9629
8981
3425
-1063
-8529
-9469
7453
-8434
-9861
-5067
5034
-5735
9170
-450
9984
-1662
2740
2448
-4600
-2929
7905
-1850
3025
-2923
249
-3898
2007
-7819
-9568
-5712
3210
-9939
3633
7207
3405
-5242
-4086
5775
9231
3373
7187
4630
6230
370
8499
-1385
-3340
-770
400
2620
-391
-8367
9204
5378
-6187
-3931
-5322
-7619
4015
3278
3184
-978
4792
-1637
3661
-6159
-9976
-3288
8990
-7534
-8851
-9221
292
-9239
1761
6947
-420
5982
7342
-2161
7763
-2333
2016
-2326
6962
-2717
2377
7882
-3385
-8598
1575
9157
-2074
-7739
-2969
-8957
2236
70
-3301
-3058
7628
-2423
-6829
634
-5620
-4098
-5836
-5039
9265
2175
5921
5689
-8054
-311
-6357
8239
8002
4188
-9844
-1885
-1855
57
6051
2222
-2833
-6782
-4443
-1931
-1679
-9176
6135
9169
8645
-8560
988
4336
4346
6127
-5536
-1598
-5463
8288
2970
-7650
8857
7185
5480
-7579
-4416
4343
-5936
-8544
-35
-9895
-9800
3811
7426
-549
9536
1156
2252
244
9512
-3813
4142
-5213
-2253
7139
5248
6542
1462
-3143
4799
-1295
7106
-4669
9076
3520
6777
3487
-1687
-2405
-537
-3158
-2336
-435
-8380
3716
1150
3356
-4867
-2306
-5158
-5184
-7645
4281
530
-8696
-8640
-275
7528
-8781
-8668
9362
8956
-6969
3305
2409
-531
-4972
-8833
-7714
-4710
-5174
-409
-7776
-9208
-7408
8272
588
4899
4280
-9056
3201
8321
5005
-5373
2054
5229
-6510
5306
527
8697
-537
2645
3026
-3357
-341
-2820
6752
7735
3657
9430
-4067
-1401
-8130
-7755
2322
1944
2331
7967
2448
-1067
-4836
1651
2937
-3104
8724
-9641
4836
3512
-5368
-9326
9945
-6561
-4978
1682
3860
2002
-2908
8442
-5630
4913
-876
-4590
-255
3580
4545
6869
-3869
-5589
-825
-378
-5820
-1788
9830
8944
5607
-3581
-4417
-1595
8586
2570
7234
8270
-1043
7801
-3500
8591
561
7347
-7666
3966
8861
-2408
1193
331
4372
-4471
-9455
-1462
3239
9026
-9329
-2348
-4689
8251
-402
4550
6617
-3561
-9162
-393
-8950
-2421
-1938
3227
8538
8430
4326
2290
-2525
-974
2126
8276
-1795
-3209
-9426
-9497
9872
2998
4815
3240
7847
9672
9226
2263
2880
-9159
-3022
-8998
4511
-5284
1275
9484
-8365
8390
-1136
4584
-1305
187
-8387
-731
7709
8439
-4391
2252
-4366
-7099
2180
-2616
5637
8479
-1773
-4423
-5847
4728
4029
-8576
3407
-4250
-675
-4977
2793
6176
9244
1418
4597
-6751
-6011
-6821
-7431
-8501
2616
-8812
6910
-6770
-7225
7212
-1306
5875
-5879
-8041
2134
2803
-5951
7070
1641
-8827
5263
-9597
8474
2772
-4130
-7835
-1623
4159
7965
-5976
7063
-4874
-2974
-9704
9840
564
-5154
9550
1804
755
1934
-3316
843
-576
2683
-7481
7105
-3008
-9027
5913
7202
-2680
-4556
3248
6056
2073
9186
-1365
2600
-726
425
-590
-1104
8863
-571
-4360
4206
3741
-974
9190
-4735
-6682
2537
1112
3099
-9579
6499
-8249
-3256
511
-4036
-7716
-2612
4436
4390
-1217
5153
-6380
1830
7646
5010
-3085
-3412
5593
-8565
8628
-2256
-5990
-2621
-461
-7168
-688
-3972
-559
864
-1419
-7288
8022
80
-7993
7901
-1787
-4896
-2580
3713
2323
8637
-4072
-5933
-2312
7784
-5808
1481
-7617
-7627
-694
4399
-5658
5586
2087
-9555
3100
2230
-6678
4727
-5303
-4207
-2578
-8213
4769
-256
-4050
7979
-1712
-8084
3015
-4802
-6849
-4735
-1238
-7489
-8254
1853
5349
-4112
-9218
-9256
9077
7837
6672
3138
7164
6395
3879
-1992
5406
-3360
4183
-8241
7592
-7066
-8361
-7320
7507
718
3777
-378
8098
-4112
1445
-7467
-971
1415
-4929
6018
3103
-5274
2116
-8336
196
-8887
-3731
9839
3783
-5524
6544
-2126
-329
3856
-2996
-2907
-6157
2757
1892
7872
-9552
153
1671
-7509
-174
-2812
-2661
-2888
9302
5867
6900
-9954
5840
7036
133
-8838
5598
-5741
-6957
-8280
1069
-6487
-7408
3653
-9056
6604
-1236
7649
-4450
-8151
-1652
5805
-2921
8200
6156
5420
8805
1385
7310
-5293
13
-6657
6225
-394
-1651
-1697
-2587
-2274
460
-9839
-3703
4168
-7545
-3693
221
-2033
-862
3856
-785
-6696
-3961
3841
4371
4974
-777
-146
6053
6738
-7656
-9240
-1148
-9027
276
4454
-3169
-956
-3817
-509
-2057
-2223
708
-4881
-1289
6224
9372
5642
-8890
8946
-4835
3389
-7897
-331
4647
-8909
-1186
7714
5784
7598
8102
9138
-1518
5015
4955
-9888
-703
4502
1626
8358
-2788
2037
-2650
-6345
-5243
-7383
6794
-6151
-6095
5177
-4445
8630
-2104
6485
-697
-5235
3430
-9836
-3634
-7826
-7832
7199
7759
5495
3433
8887
-4159
-1289
-3945
-523
-8298
-8632
7843
-8350
-7414
-5619
-824
4587
-954
-7183
1829
-5360
-2416
-5802
629
90
5786
500
4052
-7290
6527
-9546
-3330
9430
-7426
-6985
8964
-7642
9659
5475
-4917
-93
-1457
-5354
-4658
-1256
9271
-1639
6689
3842
-7799
-5228
5748
4404
-6073
2539
-3096
6105
7998
-3431
4640
941
-4950
7088
4647
-1860
408
-9257
6090
-7630
3096
-3652
3211
-3537
5142
-9327
-3612
7353
2803
-8692
4016
-7941
3327
-6094
-8544
8378
3805
-3633
4226
3862
8909
5636
-4288
6142
-9467
689
2346
-8955
8142
7249
1748
4374
7088
4815
-7153
-8472
-6576
8674
654
5778
7849
-4293
907
-9901
2391
3727
-243
9075
8799
5626
7286
166
2853
9348
-2848
238
-5831
8539
-5251
-7792
-6936
-4213
3724
-7497
1110
5593
2615
-5521
4865
1233
1933
-8229
9117
-2210
-105
-7227
3327
-5920
3388
-2229
-9720
-1606
-8472
-7845
896
3991
-1918
443
9778
1556
414
987
7968
-4044
2970
1844
-7805
-5220
-7468
5885
3162
-1612
939
-2650
2853
3716
2165
-9266
-5625
-3064
8878
9165
80
6541
-3029
-6235
8806
1780
6670
6751
-2513
415
-102
-7634
1627
-2016
-9513
4156
4421
3388
4593
-4513
1039
2873
-5695
