X Y
48,74520622544026 -35,05141669688593
47,88335370182507 -33,984729236023064
48,85348327453665 -33,93066173757798
50,13872198880613 -33,6006069569318
51,6478645612827 -32,55840031796557
51,12447070528064 -34,962744338221654
50,288201972238014 -38,47417857399937
48,21696324479248 -31,762625342174385
53,00738856590807 -32,39036912549637
50,76201582551557 -31,62286698335044
49,955604769377025 -34,40490385271192
49,22955588869073 -38,07946917902598
52,61618625924133 -35,30669600765246
50,942291609290216 -32,1543411423871
48,230766119855026 -37,57602221187054
48,81645764078195 -36,06339406220033
47,50413762916842 -34,094353341208496
49,87126651543705 -34,35839194943223
50,25940952389201 -34,82332831187153
50,27575070136403 -34,666856458308395
50,45173545630877 -34,195824187151736
51,643567591003446 -34,59650982652716
48,87990039267342 -35,70416529804643
51,75206700869224 -32,93812350743498
48,07476389273419 -37,07477399933474
53,74473806730039 -34,30355876307514
54,12839660648837 -34,39649322156875
46,66885084984511 -33,98894655766908
47,892933139301064 -34,38759695365114
53,94888536093843 -34,04523489474263
50,743629844364726 -32,877202581259986
50,56674681445763 -33,15164150290081
49,805002892671936 -33,68364360238288
52,11800046891636 -37,61689502362748
51,8008090684942 -34,14407393026552
49,94335573225523 -38,30837261252899
49,92152221395496 -33,90852170021997
52,02882990997766 -34,323124765276106
50,10824992825718 -35,88737555747189
48,95551967571033 -37,452952772389025
50,21996137446749 -33,19735138436186
50,355334767923765 -34,69956317838667
52,94669403178137 -32,59540936078186
50,07384394586336 -33,99412761037951
49,0273688394528 -33,91560266768222
50,93558375189973 -32,721088952938764
52,29843976549853 -33,92216688474269
49,75140603083845 -30,96690587882234
49,85489414141165 -35,477618789902934
51,82810568745019 -35,471529406217975
49,96152464167668 -33,92356239546874
50,949863299688566 -36,0573562595708
49,07973858040096 -36,31233263480597
52,6425058379444 -33,6096442040253
49,4906710590383 -32,663379870120444
50,97081438850832 -35,778937730537756
51,176352887962025 -35,888151243159065
52,106748965350505 -36,594867606341396
50,506308815839134 -34,37548723262762
50,4877041118983 -33,95626270778359
48,4800470297835 -33,18837189973608
48,07623572598076 -36,40547791566608
49,064544695052376 -33,22355183825973
51,29832574443999 -37,15990311813132
50,19951512932056 -34,005080091390596
51,3464920279982 -35,15089966409898
49,35599884853643 -36,74510043141996
54,06359590456997 -34,20921847283167
49,652375712948775 -35,64074420002965
50,49251495303218 -36,67715394594957
53,77337179272742 -35,437895834565836
47,89439039001054 -34,99437273806701
51,751983892279405 -33,64353358450402
51,62469007400929 -33,17961332189036
49,346792277293915 -36,452574684743794
51,95646554776488 -38,39181062236661
49,93380926418445 -31,927927221963163
46,91223971436556 -35,43424903522895
50,76475599784918 -35,53970312823842
49,8364512041843 -35,162418129264104
49,308588316283235 -34,424081225239384
51,51837581120371 -35,343978647162615
49,55720052427418 -33,44778320797264
48,028597738661986 -34,495589576680146
52,403130701808 -35,664798324180914
51,5174212162853 -36,05682984106009
50,03408433170285 -34,69314810704308
50,413478795333695 -34,72500045589625
51,24566803826999 -38,27168535033667
47,325604055791736 -34,56226102505373
48,933907925311836 -35,00188159672095
47,927121400445365 -33,43956310093597
50,083933338870104 -34,8135697897291
50,3557406467048 -34,75046534985579
49,58895065231779 -36,978494317221035
50,2587638072593 -34,74757934171771
51,639576820179194 -37,215675752577624
50,32921240200899 -34,77751301590481
50,709374462548205 -34,519733095858996
50,6207615236444 -36,29983267397956
50,44687262030261 -32,32179548992431
51,45246412411542 -32,331571634548446
52,00873328377047 -35,17985567017886
51,35319530774408 -36,61687657053889
51,36840832647566 -35,141717178538315
48,23285621899507 -35,80939353540837
46,88510427632011 -34,83198734007503
49,79208782548761 -38,1110591856341
49,18428637320119 -35,482059474568665
47,54331597484229 -34,212738256283586
51,969722807566455 -33,54794857768904
51,212800087370155 -36,61631260619184
52,84079164609808 -34,51303795672571
52,98707853840868 -36,06486152549839
50,29926279172835 -35,11268885123417
49,798178599073985 -34,42909236535596
47,7760882197053 -36,644971793326796
50,66958252150607 -34,28573128162515
49,01898305735198 -31,730574452625895
50,80811389720825 -34,54554281000607
50,16631694033775 -34,83788143927225
49,1905817812365 -35,038037180404615
51,731472482849725 -33,4952241768305
51,79129871584254 -36,41326116440617
50,367510322382394 -34,66586012835102
47,54879530692047 -33,1820601126456
50,424032346227 -38,495516207451786
50,623608966189686 -34,2388630488966
48,29285868047808 -33,89095889539963
53,08647836216422 -34,54555557132863
49,076662563166465 -32,981313709582786
48,97427327974676 -37,629220014237525
53,66653115335575 -34,74941359895478
50,06380769542108 -34,943509943355544
49,899113100115024 -33,73667141028354
48,10309113352091 -33,88571264317228
50,42472683243628 -36,23690050785499
49,54813047564583 -35,188223007560694
50,402509460985264 -34,51022221179747
47,4782276426351 -35,466370848957254
50,18692022437335 -35,91161808359389
50,28260802048409 -36,12963315511673
50,032027424766106 -31,405050546737733
48,762472027432594 -35,44794004927789
50,41984213082038 -34,40829455292796
50,32889305007662 -35,301235924636295
51,17633354738244 -35,630670141750564
50,720286081790256 -35,70371916940015
51,24786721987816 -31,07348446958098
50,47490827467751 -35,103726162381925
51,634817739839896 -38,20733547918442
51,802770237807316 -31,764345730245516
50,81029785348156 -33,251830999973855
48,0095527388043 -35,46081888079135
50,731736995531016 -31,194123884258154
48,582238945648314 -36,275076837038135
48,04183565189333 -32,436656959353144
50,938471124347586 -34,87525197840919
53,7136638738785 -35,10429216488142
49,60548514593712 -35,34868728674272
48,68364532805677 -37,12404654859355
49,58666489867599 -34,583872446201646
50,80294387598989 -33,04538893777732
49,806097652072715 -37,38761507473209
51,404094095407366 -35,07281618029729
53,63850233898257 -33,71753453778018
49,05588777691656 -37,594406919405934
49,58825580716454 -37,79184568234583
49,118017145291574 -35,68753302136989
50,443766469586336 -34,193712367199005
50,29493949234592 -35,622477395309396
52,01439724026395 -34,81229647042419
46,8940882670175 -33,71130281991152
47,86668043957201 -34,66037275516807
50,622315300755055 -36,22595932780534
53,92621734418152 -33,774272508466424
49,19898806313073 -35,8510148558156
50,6635699926792 -33,59078744696255
52,95484113219006 -33,918899293117065
50,205867688815125 -31,261996709277483
50,5312588304015 -35,205770661936526
49,867923752500495 -34,54333318965454
50,29378576317453 -34,84504628975824
52,22014383251574 -33,22474126018893
51,34185142276482 -36,18033430119138
50,37768669206543 -36,066140216792064
50,83752310205312 -34,850963485930095
49,2393832723098 -36,66296571158439
53,16481717062827 -35,62914163562047
50,91613619084365 -34,884712677108496
50,34979548084297 -34,761529565518664
49,75551357011465 -33,666861445069706
49,30894182056417 -35,42733594951086
47,979756493541565 -35,248597051232245
50,28955061460525 -34,92959692138704
50,585022489357485 -35,27442414553532
46,955029850479164 -32,92135048334112
47,24214775745491 -36,01029301183135
50,389350925147205 -34,59279412966231
50,08858887586426 -33,34339320902008
50,13422954387484 -37,84338158819903
51,901341921643784 -34,45316720509462
51,25416833958883 -37,26341973010071
48,87463770428758 -34,01674941608136
49,81527680090881 -34,801068364077786
52,17633932009881 -33,80944128402024
50,45589076812927 -34,63060115331744
50,819733792726645 -34,28238862976485
50,423280112625065 -34,792222687357715
50,75869407423797 -34,425727480387934
53,95230745490722 -36,384356046353574
50,161981260308195 -37,2562637241427
46,84115773810163 -34,606216198938554
51,05795544875508 -32,435713744465446
50,18866461852521 -35,12759804560047
48,679809269309075 -35,15012964112596
48,385009536006706 -37,76700443388517
48,782038131311495 -34,885772162983905
50,54060621744517 -35,32087953578821
50,5381104768166 -34,54723361093628
50,53413797786263 -37,72355856286469
53,47834735842975 -32,60527057744022
51,30244559313684 -36,867185187567436
50,96151068035126 -34,05664891322922
48,86884830827529 -32,20346358502621
52,349571701694714 -34,03521328423968
48,64142306415529 -34,035361880848
49,05657150372071 -38,264336747588914
50,81917907059867 -34,18697809790647
52,58142125138659 -36,476124887269414
49,534420202560156 -34,07775932928824
54,03858373898359 -36,14400890797333
47,2416719465616 -34,93170970148307
49,954494967204916 -36,332606291270096
53,99440710384636 -33,97496368877987
50,942647018700946 -34,75888494084686
52,748389788922324 -33,90187868924475
51,62969311877405 -33,7441374114907
50,55023253941792 -33,96976050243256
51,82816240956435 -36,368152233545835
53,74913113596811 -34,5642115369427
50,829512878257596 -34,477272845746946
52,989156578084504 -35,79513902459818
50,134753243955615 -33,01939341467544
51,94719172539415 -32,821785405008384
48,28711692789739 -34,30600544678513
52,28642095660788 -31,554197410253096
49,7293229727033 -31,318486897225142
46,84607139217083 -35,41117235094823
51,24459178835773 -35,69416871953184
52,70495724744693 -33,99198387041648
53,43936055595413 -36,918799066948424
49,485608025168375 -34,30086054817644
53,71523030149953 -34,59267334218496
49,49822236104965 -31,87020494090425
48,65742488101018 -36,168901089617705
49,734341422273495 -37,60620870718294
50,15517995588547 -33,52559031765223
53,65077140557039 -33,458033300716544
48,56079900494479 -36,7679676934801
53,163797878652396 -36,127845426003596
49,62288596361046 -32,92592488140915
50,92119692135551 -33,622725431042745
51,41865279788456 -34,651898532148046
49,75282020637998 -31,950862752497855
52,630416964102935 -31,96246209210978
50,66829051954725 -34,75348953190812
51,05657241383079 -33,757550384373516
49,90299891883434 -31,48022861286585
47,65970812243863 -34,52412412857814
50,82849709592484 -35,10031515914826
52,776260239627106 -36,24486423946686
46,62622895690452 -33,596152026127136
51,618270557938075 -31,26451768073493
46,677615025141314 -34,62229254807303
48,08774761376834 -36,66304037118144
47,700465459545555 -34,694343960940124
50,706682307738504 -35,18763096622961
49,97499141108717 -34,35545256121798
50,41345772871843 -34,76207231933942
49,965991359984706 -34,78452964346175
48,794664911185606 -36,30568201783814
50,14800886522144 -32,62606802565504
49,809444317967206 -36,08199820356839
49,02738741064764 -35,993793314249494
50,50169781357528 -31,900910848144505
51,47639422696082 -35,747221072426456
49,413461272726494 -35,43783097705236
48,29167031528129 -32,55132225487285
49,66223809162431 -35,239299787867516
52,96384196879888 -35,6322109129232
51,600498512488194 -34,67263418589982
50,7032760640181 -31,201090998062856
50,382626431693986 -34,747378113633495
50,369198009578746 -34,17470768527818
51,509623558291004 -37,443750118864614
50,464137401387404 -34,76934159710143
54,28067252291836 -34,60253353229105
49,476063308940844 -34,51828851443419
51,40166246301592 -34,222633658418836
53,40342194778708 -34,3109188381676
50,212584207724056 -35,12654419814202
49,46509199363262 -36,49060711704008
50,646681207580826 -35,27636200554102
51,947647793502995 -35,47062200179968
49,86145028080296 -33,53155651390338
51,93870016571524 -34,138352889995744
53,672579431400095 -34,77211841680387
47,76456552738463 -36,15564965361748
47,880920517156945 -37,498008207757145
50,76658996602967 -34,51253233892284
54,04557227506365 -33,39751650086377
52,225922282267554 -32,80779268577696
49,761680594501726 -37,17961592185929
49,614002479046626 -35,09856895195837
50,72052033215911 -38,399327458345084
50,366259677991735 -34,75503525275286
51,33102796992929 -34,82877415629482
48,30266873498507 -34,00297860148179
48,338338362137065 -36,97412242767886
49,05093126537098 -35,39167939752874
46,98030676549777 -36,13388762740294
47,064953549345766 -34,31805758112027
47,207430420986434 -33,80514589286936
50,9429984470789 -33,853675166944285
52,52180532427554 -37,22412030059937
52,21224883278333 -34,55851438795113
50,43530165686828 -37,45066701660706
51,22968317286924 -34,18909432016394
49,93577200618218 -34,94790855104571
48,731751768691936 -36,53898995648662
48,570466049982514 -34,264669349106924
52,39668690348955 -32,619484646789225
49,27126388016056 -31,925720463929213
49,865983412130625 -33,15946092339433
52,11358691425297 -35,87279871928362
49,70155310007639 -33,513264929717536
47,84166371675813 -37,38297727612151
50,015048609481056 -35,12127382707829
51,751106796663194 -32,938949832593664
51,80676872674037 -31,298673288715193
49,63009237538072 -35,64380748856222
50,0556580922542 -35,283097589718295
52,89321655024921 -34,61199999246258
50,512335041515286 -33,56215973692003
46,7835491369073 -36,04743874655635
50,337552315783164 -34,21341597693226
50,52445724469289 -34,23326584216658
53,34010268861247 -35,83390108685935
49,77835750665321 -37,2407845259975
49,42568816998688 -36,21101044061767
50,45411141516821 -35,868816739790915
50,353246459066085 -34,046615566828834
50,363829202365736 -34,73820807013099
50,176322466338966 -31,969095822554095
48,362444298999456 -33,63956180682801
51,37322008570468 -36,68701802844591
53,81645594641316 -35,21776449863702
50,96738499028349 -36,04558927356376
53,30752432760823 -36,05061409236044
48,54535337909279 -35,23004949244902
49,31227310849195 -31,61329913888025
51,63381500475892 -35,04254370158595
50,362804223609466 -34,66842743225895
50,0312520899713 -34,69472678022807
49,63574363208366 -35,345717010671954
51,92127867148946 -35,81998436171791
50,515714132104605 -35,455921561158966
53,44429937755016 -32,52803013981533
49,56683077974127 -33,990739076166214
48,62426415998708 -37,858102661383576
50,41874124320974 -34,79518725365007
51,5633823701813 -34,49664689989804
50,91751662271844 -35,484403096077685
50,27349111494335 -36,74348525971329
49,38779102757878 -35,97930636550428
51,30448515913136 -33,827960859567135
51,816516401600275 -33,15397168133277
50,24374891650278 -34,72302838968518
48,83117680058235 -33,36406294171637
50,55729756925651 -35,79325557721617
52,75710940105986 -32,25111729183584
50,43396180846419 -34,320029572144556
50,15749358775007 -36,28176878775757
51,689684790373676 -34,85555145883394
50,144138022516685 -34,063175033881414
51,396595448351235 -35,14719531035222
53,110779312243686 -37,2948743821562
47,32126960427454 -34,117313524702006
51,17384493160574 -34,600744838601315
50,73994282938819 -35,310316099967615
50,82967889277343 -38,51400332241465
50,942869771813236 -36,391520386023764
49,26436286760984 -36,97717729720284
52,60499709809142 -33,21240914046051
50,46717119966896 -34,0870100951286
52,32047993130595 -31,664051248476742
50,14579889398004 -35,13606211568231
49,711918889225466 -33,840998481932225
50,22664766176521 -34,3807710403228
-78,09236284544389 -18,79608578161091
-79,57457293431925 -22,758607789728085
-77,76733937635031 -19,535679225028886
-78,83125202425819 -19,051019161731407
-78,65809277942405 -21,33016418458025
-82,04664834316199 -18,007526848998705
-83,6164887218776 -20,103589462762322
-78,5228752770344 -19,030623261653663
-81,29102900417566 -18,85329149817074
-82,39761137728885 -21,58531472340632
-80,73002282964718 -20,748682312941682
-79,63164963642593 -21,21080366048022
-77,77016060649305 -20,480680219340798
-80,03057279500477 -18,870069615250618
-77,28184343119328 -21,530332321738737
-79,99711668408703 -19,747525704933686
-80,29394892977608 -20,09308237889784
-79,80257657809527 -15,836083155876473
-80,36264844200475 -19,315745359702536
-80,13773551295554 -19,663057744122074
-79,94339600649427 -19,712327308732533
-81,38792771170769 -17,945391125308557
-80,13366514814085 -20,927972073137646
-78,68585950377044 -16,120140330112694
-77,23744317754586 -18,137742030890045
-76,5326190364848 -17,72471715210519
-78,30986468469422 -17,0954075590274
-79,50659568452782 -19,694455608461297
-83,560442483367 -18,822293844520164
-81,84423000293174 -16,777434249264747
-78,00608995863341 -17,74704754873073
-80,37139187112467 -21,677291723280636
-81,7218311069324 -20,036689718563693
-79,35447034427001 -20,97673114522949
-77,97674557848731 -17,125594394417888
-78,84318629171284 -18,643975984941296
-79,75572379632949 -20,140585472472022
-81,5146618929862 -22,437296410943425
-79,85528479143179 -18,72604837675558
-78,9391730422954 -23,158281044839136
-82,7071246646398 -18,787324356066588
-81,49034266567058 -22,188326776395755
-79,87098101483181 -18,338867463504126
-81,36758200471552 -19,079963089546286
-82,64247532257835 -22,309414580194076
-81,24781261929424 -18,205161147504313
-79,98252453513383 -19,954586331276943
-76,06130770433374 -20,45380036504006
-77,38032358054826 -20,256959370218777
-80,12452615660224 -19,11038893193779
-79,69956276814102 -15,833517640960473
-79,24470753715137 -20,22403667161732
-77,06932121076755 -20,11116177041695
-80,46317782357906 -19,289062379654144
-79,000431731981 -19,923335582309736
-79,95666707820438 -19,745153339502362
-81,00764363815891 -21,527736665992794
-80,66653952184862 -22,311456580740316
-82,12023826686365 -18,269639116476764
-80,84910191004637 -20,062126495333125
-79,92471656809873 -19,69650537572755
-77,71563790680888 -18,702366514180024
-82,58192038673867 -18,779416962037295
-78,9442299702651 -20,8825312345883
-80,66863116971163 -20,158598875913082
-78,34965520592166 -21,58434455225922
-78,71098629105094 -21,394408765827208
-77,84976148396078 -19,47235102570016
-80,14136244477676 -19,87126893091813
-76,92257050217137 -19,310099398946456
-80,23814239347271 -18,646866848887257
-79,44253578119506 -18,21363137981147
-80,66898673267973 -23,24009585103251
-80,49477117592865 -21,409500839415156
-81,2961808503241 -16,99401311687398
-80,3226641850154 -19,890320438874458
-80,25094328020464 -20,785204470687443
-79,72713151840526 -18,51132368699706
-76,80005917801694 -19,71389555278694
-77,0902706247118 -18,462321770839985
-81,22889753808691 -20,132241945111517
-81,78570741101565 -18,243052450419576
-78,52253697596444 -17,09783527945615
-82,75604929986201 -19,216411258388444
-80,90084628696789 -20,25355119427827
-78,36764721321033 -19,187921965728307
-81,09437660562591 -19,917296391332886
-83,09867120320193 -18,03418043754692
-78,11172584865828 -20,8646474554705
-80,65378979179968 -19,15432565166506
-77,50086619188365 -19,988567923048244
-78,7986117028344 -19,19188681049198
-81,60324064203377 -22,774407958448865
-79,7391111331046 -19,15620529288048
-83,43869281287782 -19,75243904481661
-78,98578387679677 -19,562161894428026
-80,31301987714856 -23,1751625005415
-79,62228939854704 -20,989133711306604
-81,22513403372989 -16,140952677601298
-79,02442581856592 -22,55556610723411
-78,64725083936457 -21,845746009160376
-81,39081352421395 -19,469350634474655
-80,35270656566983 -21,324725599704998
-79,45620595755456 -17,43704609101014
-77,86170826455027 -21,811636450193596
-81,23319728823124 -17,22788472152513
-81,86827047448783 -18,408429262671735
-81,05934269372626 -19,519395547280983
-77,66639712178932 -22,27620631594182
-80,32968019342692 -17,58609482133774
-82,84057197071938 -17,447942321060765
-77,04240799090287 -19,315960176529604
-78,9929054592095 -18,76141350220419
-80,0459671611366 -23,413001833439957
-80,30553888224203 -19,817859183543057
-79,72452790487691 -20,08804456119197
-79,10892101235072 -19,191798157680108
-77,39694714676827 -20,251443812712363
-80,73569096797861 -22,389873478674893
-80,5578078918797 -16,37203334317941
-81,84150050200739 -17,404989339699203
-78,42958242542365 -17,993234670197204
-76,58621054333005 -19,02611487617295
-79,74804607239273 -18,819956529094426
-79,75666992666237 -20,65909480890128
-77,83446054680898 -18,097690205277722
-81,14675938194875 -16,12610731436009
-79,65781285417145 -19,36833253995348
-80,72931431441914 -20,403091332588048
-82,30542994599232 -18,948181198087806
-79,22679313172378 -20,73376120577501
-81,0502062856909 -21,94962510136355
-77,94250830400001 -23,123842603054662
-79,9659505481534 -19,753796759023302
-77,677372839303 -19,874302053170336
-80,23462688122844 -20,108045723840075
-78,43174766153248 -21,417855581517173
-80,72223731636339 -21,16908476959373
-79,51136633967313 -18,46971666801223
-79,05361724699335 -20,40972111858855
-81,2546030300892 -17,538463012580152
-81,77880616845948 -17,12036361610062
-80,15669877089711 -18,304669921545724
-82,75248509840658 -22,6044097369092
-80,28485991782162 -22,059084426867123
-81,403727356831 -22,06608990863078
-79,88638351167815 -23,079403567903206
-79,86796249854508 -19,735710150490924
-77,23702016675433 -20,487548037413614
-77,33951387545694 -19,204362175681098
-77,84219793681466 -20,639102617747447
-76,22256502242084 -19,77681362572584
-79,12303835155052 -22,959539562670198
-77,29373082571512 -19,60127528100203
-77,26619602001308 -21,15696066166783
-80,00097950059387 -17,961696413306
-82,92229161772187 -17,848687238213937
-82,97518038985227 -18,303110776055703
-82,93623356628187 -19,22171747301981
-77,27323622533608 -19,482737182317894
-80,85333645240082 -19,34006843548655
-77,10015884654325 -21,19916334017341
-82,89991961136805 -20,011685164347988
-77,70351533404758 -22,76060200475697
-78,90220458137131 -21,6897883604173
-80,54615481268533 -20,76435259114225
-81,88782408605746 -18,414301248435986
-80,8890884456013 -19,472938432178257
-80,45902353404988 -19,978173454351627
-77,48494932894047 -20,793353793248897
-82,31664346017223 -19,83035415945167
-80,40716984456792 -20,67037372539779
-80,44954769274644 -19,5844666840387
-80,85245427113523 -17,426389239319032
-83,22903952375572 -19,826819951023857
-78,4104149443404 -21,822283354937916
-77,41725626572806 -19,314793045112374
-77,39884421440789 -18,84947971732515
-81,19814465653708 -18,344867666837576
-79,34936256519477 -19,89470075718051
-81,21207349771751 -22,429469885783924
-76,68062336121268 -18,788908193895587
-78,03011113917508 -16,586930955080298
-79,23318403391303 -17,871236180981782
-80,65925258939434 -20,721133379207647
-77,8374212251567 -17,998577664037832
-81,14386494966611 -17,560503251757687
-79,03386125582536 -16,147416659416155
-79,50344362510901 -19,49961108740362
-80,15260623096478 -19,27305930527946
-80,77119202723809 -20,81842003348622
-80,17997108696154 -20,75643755812284
-80,55843001039018 -20,14570243861455
-82,85330686655745 -17,95986905634266
-83,18873641047813 -19,426947520810486
-76,96753396706808 -18,278129906355343
-80,49455169145602 -16,70703032687662
-77,46782089874735 -21,977177501184297
-78,87444854011636 -17,220928375429686
-82,7577417198758 -19,173826059888075
-78,02499890828747 -17,220221078525768
-82,35036349715094 -22,611702892865164
-77,54218183631988 -16,71382860607738
-81,1979889192356 -18,110188325239
-79,44085242265177 -19,830066348019326
-79,97469869541094 -19,60034690754884
-83,86622506341737 -19,802412138709883
-80,97192069489964 -21,817694329124958
-78,94239929023615 -20,480406297145716
-81,26365764615755 -21,093171557687945
-83,4387924018882 -18,980510253505166
-78,66947532237312 -21,207623045938178
-81,76410211839274 -22,68668340932299
-80,1359145736726 -20,65017161395322
-78,17780474123761 -19,4697835536724
-82,45486596258213 -19,676347576538166
-79,10130716144455 -18,467262755581164
-79,80034126146529 -18,067814366532474
-79,16786220390334 -21,346089315913297
-79,51267045733688 -18,082453708469824
-78,02748296539473 -16,646148035422275
-79,25290291601985 -22,267149376544136
-82,47613421510634 -22,186777039316322
-82,8650158092124 -21,646549077363627
-79,56187681909388 -19,961783684934726
-81,1237782131587 -20,18749678914118
-81,22914459074364 -22,18110703882223
-79,21863957803737 -20,49171368178253
-80,5362110012371 -22,8355987370794
-78,94204488508387 -17,60805567697469
-79,75644679482534 -19,337850442467012
-80,08806227730702 -21,67834507703235
-80,92398684880914 -19,20018102267904
-79,72929103341258 -20,93677644587151
-80,2454980308221 -18,953378358083274
-80,47650729216969 -18,65727468130257
-81,50689931288805 -20,313675909342326
-79,68754434768582 -19,993192596914113
-79,95743313480072 -20,30095997163868
-81,44654618340134 -19,918535818837004
-80,22721032016702 -19,474742425388264
-76,75689001860533 -19,055968988518924
-80,15080549612472 -19,584717740130927
-82,25393705930776 -18,17374798704593
-76,99422601263096 -18,11456520950094
-79,73634665879575 -19,794296822763823
-78,30546874456877 -18,41936806160076
-80,58461260008065 -19,393979731822984
-80,49557222313457 -21,47290394646119
-78,94814454801279 -22,64784027315163
-80,06381041736536 -21,960490856777874
-82,76964583110875 -20,991820840788048
-80,08468070006819 -18,94618478706462
-79,86455777561153 -19,696709271152347
-80,82828036148074 -19,26070084304441
-78,49252883545948 -20,222565547695574
-79,43784262488694 -20,353779561151068
-81,40151033518735 -18,974189334655918
-81,54373741394346 -19,024999109177138
-79,99271672469311 -19,82317638124074
-80,01649638396361 -19,565829876928753
-79,62507516370506 -21,131105570155302
-78,39855461754664 -18,80133681866313
-79,46389747965077 -19,455165664617827
-82,86904863895904 -19,57947622228912
-79,87084097302889 -21,949291839199404
-83,04988595187676 -21,437092598106204
-80,65040926745097 -22,945149306021108
-79,9856792736236 -19,874601585800363
-83,01402562984102 -17,634595250035265
-82,29963630952791 -17,219542266526506
-80,81266148628855 -19,94184957184901
-82,22149215609511 -19,12551125390531
-80,06757482284969 -19,618591988867333
-77,26562527929184 -18,71836381961273
-78,91130114606388 -22,026649922923845
-78,0090356051406 -18,198610488725116
-79,57741421358823 -20,016802746617145
-77,95939541661784 -19,39058519392719
-80,32146623901347 -18,990270981291445
-83,17523759219964 -17,739797549013133
-82,2567055517599 -22,441029548108485
-78,47259149047939 -20,43086367027913
-83,86384741210377 -19,21589595846427
-79,95920856020616 -16,530172533089782
-80,16657929445006 -20,843161711122566
-79,37908316478116 -19,991645212867777
-77,88833504730684 -18,952908853739334
-79,30758727003116 -19,80665559033104
-77,67200767619433 -17,371471940439662
-81,0835455320056 -19,02346083011803
-79,11630839329213 -19,505673421378475
-80,44900512567452 -23,21336266432396
-82,87363620817392 -17,691730576966375
-80,99866966361631 -17,995113490309574
-77,14951480240839 -21,524374003609662
-80,4708574388216 -20,52257808807642
-79,58695144869785 -17,927077361422704
-81,61122226224914 -18,960613687923484
-78,19344531335383 -18,264315777597997
-80,62156681093286 -19,66489131343808
-76,31578076981465 -20,242355431528736
-80,24092794752707 -20,857814725730762
-80,07962236788809 -18,48593671627502
-78,27901251869064 -20,16881053531153
-81,02533431843368 -16,31778792200835
-80,67194341866505 -19,353503092353915
-82,24617420416695 -17,917854341080456
-79,98698111858486 -21,492708663565697
-79,82877180885264 -19,892608447643497
-79,48822007498242 -23,374188376665614
-80,11066605778466 -19,80832333797918
-79,29273910325287 -20,980396857488955
-78,27091902140052 -20,36782205894299
-79,01882814943556 -19,415259303442788
-76,76030158340642 -17,853073180411112
-80,9898788608653 -22,126463563051676
-80,27082798795865 -19,496393674092204
-80,85429880845587 -21,869458620555587
-77,31331053854375 -20,425566876074164
-80,04778440206067 -19,794191627099373
-80,51042342334291 -19,9989523769696
-81,48296918993078 -19,67113905302405
-81,05732343710059 -21,460248042766665
-79,83823208852878 -19,92690547287958
-78,77147804762217 -16,851928522656948
-80,63353146921521 -19,21703471792468
-79,00292863957206 -20,595767861817144
-79,54858806267112 -20,39663527219924
-78,37408958429374 -17,43638441959021
-79,69280069034943 -19,98453942147543
-79,69503466572397 -17,296153112473224
-80,69037119592669 -19,173059536808605
-81,87821971947533 -20,056594445812664
-79,55970206214114 -19,274506406817775
-76,37148494014382 -19,622904419459946
-78,81918541090303 -23,26780799233857
-79,31622790239612 -19,76680217353003
-77,44495806621113 -18,93445372983873
-81,08744111575906 -17,218331220034976
-80,7633910268781 -21,127676735841643
-76,81115342883174 -20,85681972103975
-83,63091243775817 -18,893329551698272
-80,04558963654617 -19,773549643335677
-80,42318229056532 -19,34513413434546
-78,90971101283924 -19,24955044998929
-78,76631088607803 -21,01434477844065
-79,79739179437685 -19,545734050608473
-81,10050905103779 -22,533275779027825
-79,95663220724397 -22,788521069593273
-76,53531013820687 -21,45878200242573
-79,99575934798156 -19,612586538604678
-78,6572604701859 -21,90227637656591
-83,23395380078736 -22,01214012115573
-81,46607230114144 -16,67983192927825
-80,7236181881189 -19,09023829483641
-82,49812450688707 -19,931685797228933
-78,3942041785091 -19,720804156878653
-79,97963914561115 -19,783581053615478
-81,52368166617534 -16,455213585142687
-78,95473251197227 -22,523538975769803
-77,9753714379776 -21,80389450026384
-79,12831937158806 -19,413410345061486
-79,75051109298795 -20,2673874079239
-79,12026590393481 -20,353264676494373
-82,93087733757268 -17,399129701766547
-82,81465946671585 -21,003517559900033
-80,75330303500017 -20,48319893370425
-80,13525751271357 -16,8864743206792
-81,36390429285194 -20,884643305144994
-82,28440379495795 -20,16035948692611
-78,0936233734175 -18,995700479396803
-80,6618635458421 -20,09522586147921
-77,8515415747239 -21,530203248798028
-81,2570174461675 -20,24128796754641
-77,7583040502815 -19,768690847274964
-78,16910696725051 -18,554237941831246
-79,83782548289648 -17,848571305970356
-79,92520771464405 -19,831351128400485
-81,67825943681572 -16,193159642920367
-79,01746137652546 -16,44288744359522
-79,54902645831312 -19,528921640949026
-79,61069642533849 -20,957815981528512
-77,09081693072318 -20,452075725903462
-77,1036467213027 -22,439953366880044
-78,58853428617051 -17,969224615879558
-82,22439963930275 -21,462821066395513
-77,7994202182509 -22,0812251081332
-79,00805962780319 -20,7512660765328
-79,01441937059822 -19,353912814535125
-78,33395850393056 -17,73664460270816
-79,81620726783234 -22,263017942314313
-80,38141141843211 -22,336457224829676
-82,49462852543478 -17,316317023229814
-79,95232185351121 -16,424011402950207
-79,2654947178361 -21,626481707755623
-79,27715286674682 -21,128905048145057
-78,23597806529635 -20,491880863164475
-79,94525384043753 -19,71054572315582
-79,83524559596215 -22,143148670246912