X Y M
3,90348589 -5,0259582 -8,5188081
-2,6361982 5,4533019 -8,3610579
-6,1735118 -9,0388527 2,09158075
1,18674424 1,99875943 2,5870271
-6,4850483 -8,3482101 -8,9328656
-6,4150867 -9,4505711 -7,4621594
1,33418745 2,2040068 -5,122083
0,79571978 1,92538938 -6,4191947
-2,4888429 4,15551442 3,49499662
5,04668434 -4,7098314 -5,0772345
4,83727449 -6,0450323 1,35565632
4,88191657 -5,4841537 0,14177134
1,32058763 1,20991547 -7,0459078
-6,8732586 -9,1879557 -5,8385466
-2,7462571 4,73754086 1,67942148
-7,0390659 -8,7204626 -1,6343227
0,72790907 -3,3530939 -4,9055342
-3,0648085 4,77797948 -7,5923918
-3,419226 4,18054098 -2,7113915
1,14911435 2,02547537 -5,2820502
3,95591475 -5,0543866 -4,3386563
-3,3377731 5,05013317 1,64749049
0,3303017 1,80360563 4,10824116
1,35821457 0,74003312 0,22096958
-2,1949902 5,22933546 3,77557462
1,81346739 1,01956234 1,06886298
1,5910429 1,05501392 1,88137888
0,92079497 1,14136985 -4,8392789
5,235513 -5,7243035 -9,5148027
-2,8376041 4,49389638 -0,4533572
-1,8762355 4,40884685 -7,4595993
-7,4260749 -8,1371156 -6,2456904
1,31639853 2,32633237 -6,6486704
5,12929529 -5,5648215 -6,7079095
0,65187242 1,95604272 -6,1624078
-6,9264777 -9,2425024 -0,4888682
-2,3980097 4,7770822 -8,4924065
5,23011694 -5,7900027 -6,0444363
1,18613473 0,62791329 0,78771892
-7,4027699 -8,7157853 -4,1436055
1,50958037 1,38221864 -9,0668102
0,99781806 2,31905798 2,42488725
1,33093756 2,37249014 -6,008877
1,78794503 1,61908896 0,49305869
-3,5060724 5,35410414 0,84476017
1,89987119 1,48481371 1,25541136
-6,6141235 -7,947332 -4,7946081
4,32253972 -6,3418393 -8,1883027
-7,1126378 -8,8292297 -3,1131918
1,34734743 1,3781435 -3,3081186
-6,4088485 -8,7678424 -7,5617896
1,90148828 1,96306998 2,16434309
0,52237153 1,50096364 -4,8124823
5,26025838 -6,1197931 1,34891564
4,96364974 -4,6260621 -3,1630034
-2,5037961 5,26028693 -4,7973763
1,83522445 1,87703748 -0,6168121
-5,9476355 -8,3431463 -6,8807412
5,1277039 -4,6048825 -6,8581886
1,23723094 1,84481795 -6,0925743
0,68212707 2,18865522 2,24008002
1,21213027 1,4464183 -8,8126384
3,96021444 -4,8542853 -9,9431329
-2,4460793 5,15976373 -6,1154393
-2,5854871 5,62172952 -1,0971411
2,08385607 1,40803684 -7,2001139
-5,8462545 -9,1049974 -9,7603029
1,00436727 1,33519403 -6,626114
-3,6012284 4,16579149 3,97171664
4,67653832 -5,5208735 3,93298251
4,6068716 -5,377088 -3,3040215
1,43794392 1,22745564 -3,6257223
1,58500773 1,0098451 -2,8571926
-1,9907126 4,17967654 -8,5451839
4,62214689 -6,0454005 -5,4297886
3,87863701 -5,8193721 -1,686717
-6,5580477 -8,7233482 2,39323394
1,17715765 0,81952361 -9,133251
-7,2865095 -8,5714965 -2,8626852
0,49940974 0,9323739 -5,7895662
-6,9507236 -9,4345744 0,18652685
-6,0613971 -9,0505332 -8,2357319
-6,9311078 -8,7123824 -2,1674517
5,08735978 -4,7768211 0,33683733
4,4510294 -4,5968217 -5,2373863
-6,6495945 -8,3324845 -5,0295956
1,46185254 1,44944933 3,650184
-6,2675171 -9,3391153 -8,2245349
-6,7851456 -8,6734601 2,53736673
4,57338697 -6,2833517 3,3662835
-3,1697733 4,10156141 -8,6973382
-2,2446998 5,33572188 -8,3913399
-2,6526197 5,17773358 -7,126923
1,30734215 1,89961274 -3,5912133
0,78763269 0,69440014 -4,8737924
4,99489712 -4,9457575 -9,3944342
5,54404534 -5,4957253 -1,973046
-6,2699511 -7,7998568 -6,3463082
1,21531399 0,78802137 0,65426569
4,873065 -6,2534919 -6,0753347
1,87464776 0,74239297 -0,2653792
1,8019538 0,89671916 1,08003233
1,94633903 1,35991225 -0,3508636
-7,0485802 -8,6673992 2,38491084
1,29118002 1,12157679 1,20923205
4,57458911 -5,0518065 -6,1227178
-6,1910427 -9,3121758 -7,4102262
-7,0323591 -7,8603592 2,66140886
4,2883688 -5,8596767 -1,2648752
0,55255032 0,82015229 -4,0353732
-5,8379341 -8,7538752 1,54602704
-7,3804063 -8,8409408 -1,019856
-2,6127328 4,57014897 2,05732064
-3,3340852 4,7998096 -8,7804046
1,52250153 1,0719899 -5,8815358
4,3492641 -5,0136372 -7,38787
-2,7147112 5,25999468 -3,5946915
4,84913936 -6,1230232 -9,2478625
-6,5384294 -8,2463272 -4,8385073
5,10363141 -5,9630003 -9,2036501
-2,5410323 3,96772223 -5,9660795
1,90349052 1,05225666 2,72673016
-2,2071865 5,33113502 -4,9204537
3,83879506 -4,9027969 -1,0013992
-2,6270579 5,34450851 -7,9140511
4,32013914 -6,2263258 -5,1450198
3,96001761 -4,6186398 -2,2721562
-6,3972944 -8,933145 -6,6102427
-2,497003 3,98949639 0,72166328
-6,8340796 -9,3132292 -4,262029
4,73492893 -6,091182 -2,9241532
-2,8773634 5,04494812 -5,0033699
1,37768967 0,48527088 4,27189706
-3,321508 4,76654079 -6,9828777
5,11238357 -6,2359794 -7,7406733
1,17266876 2,22815761 -4,9668459
-6,5667738 -8,4912004 -2,2282521
4,98407882 -5,6657786 -2,6365025
-6,0858558 -8,7833938 -7,0681091
-6,6586208 -7,9634336 -5,5099383
4,44383405 -5,8460904 4,87200922
-2,216198 4,46228303 -8,1572788
1,61553923 1,33305178 -1,208357
-3,0395356 5,17793594 -7,7630269
0,82986046 0,95407979 -2,6964435
-6,2908189 -8,365662 -3,009777
-1,9965833 4,5254251 4,47081109
1,94014445 1,41422405 -1,568944
-6,0758785 -9,3479568 2,53409559
-3,711915 4,45154327 -5,5268524
-3,2545638 4,89208058 -4,7756109
-6,0075343 -8,5749982 -1,0993836
5,02661488 -4,9586102 -7,444873
-5,8893818 -8,4906682 -3,3329959
-7,2204668 -8,3829539 0,31636654
-2,5769189 4,97218137 -2,8728405
4,84400413 -6,2159175 -4,0947702
-6,6032801 -8,0365322 1,54342222
-3,2494078 4,46792428 -8,5981809
4,53864382 -5,889831 -6,4552979
-6,27399 -7,9654477 4,10199239
3,97807427 -6,1695256 -9,6078738
-6,3605323 -8,5449078 3,21889362
1,2495412 2,0283988 -0,1553779
5,11973679 -5,1937661 -5,9678037
-5,8677406 -8,7195108 -2,8956498
1,1178331 0,59345651 -3,623185
1,67826062 0,77773995 -5,7772663
3,91732125 -5,2411108 -7,126222
5,36540804 -5,1452536 4,75141539
1,32473208 0,72015244 -6,7884707
-2,0903539 4,23834516 -4,9957232
4,33441563 -4,9848822 -9,2692301
-6,7790504 -8,4603538 3,14028338
0,3990282 1,55035901 -6,6807687
-1,8801251 4,3212548 3,70744325
-6,0258634 -8,2862912 0,49044582
3,67807869 -5,0492277 -5,6588434
1,38596389 0,91582821 4,54572294
-3,4654198 5,29641312 4,4407935
1,63837615 0,61694768 -1,3697036
-6,4660555 -8,1672803 -1,5785519
1,44987805 1,60611113 -8,9267885
5,06451871 -6,0891392 -1,2635654
-6,1906869 -8,4003846 1,2348725
1,7881727 1,06993405 -7,6673962
-2,8316745 5,01268735 -9,9652422
1,45119043 0,93988694 -8,3032692
1,13660394 1,20607246 2,96989
-2,9618495 5,6055023 -1,4004817
-3,3213955 4,83778869 -1,6122225
-3,6066337 4,16619988 -2,3212333
0,82025854 0,70011275 -1,2836083
4,69755096 -5,5804133 -9,5886731
-3,5667046 5,17607654 -9,8985371
5,32445422 -5,0633383 4,88402547
-6,6893057 -8,8921149 3,86276685
3,58999753 -5,3138159 2,47875209
4,82835023 -5,6196076 -8,6912707
-7,041729 -8,4036436 -4,0056574
-6,431025 -9,3979511 -3,9172772
1,29111159 1,88135932 -8,1641234
-6,0632637 -9,0633874 3,04178065
-3,7198247 4,71607803 4,3044121
1,97426288 1,49751934 -3,4769996
-6,6222198 -9,242402 -5,2891155
-7,071325 -7,9962637 3,32754419
1,56063772 1,62025397 -9,796629
4,84626628 -5,0378047 -2,5645275
-1,8825109 4,55672561 2,83153787
1,61745647 2,09166109 2,52740006
-2,9574277 5,63171365 -8,2752188
5,29094548 -6,067921 -5,0006984
0,63317453 1,82989738 -4,6329805
1,42888249 1,09496276 -2,6209813
-1,9677526 4,77224187 3,67853009
-5,9297338 -7,9937713 -0,8266362
-6,1835356 -8,2902336 -3,2274276
-2,6476498 4,20473526 -6,2532669
-7,2984477 -9,1005623 0,86839858
4,9024892 -6,1504587 -2,5245457
-6,4079903 -9,5393672 -5,6930083
4,47415202 -4,708589 -7,7482177
4,33642477 -5,5370927 -1,912909
1,87413622 1,52573466 -9,4178263
-5,9964297 -7,9139546 -2,1567673
0,95488926 1,10284028 -7,6157443
4,62851214 -4,5765185 -0,693696
1,6699694 1,82698682 -3,7151281
0,97098022 1,69813189 -1,6402957
4,9603403 -6,3110169 -3,0286179
3,80243453 -5,8520143 -1,5354079
-6,4648339 -7,8348298 1,80880856
5,27333599 -4,7981592 -8,2303338
4,98367821 -6,1844431 -3,086238
-2,0198649 5,05772971 -2,641014
4,55874343 -5,1297176 -7,8862265
-7,5383783 -9,0000367 2,89754412
0,48589265 2,02590851 1,83851353
-3,6352505 4,5741395 -9,413784
1,06919068 1,05552318 1,69362762
1,495983 0,59351685 -7,6985629
0,35679236 1,6133599 -4,9307269
-3,5451565 5,02487453 -6,4714252
5,18864943 -4,80897 1,71382682
0,33164101 1,57603291 2,92308266
4,4330065 -5,2024451 1,44086255
-6,7013909 -7,7318311 -6,1422229
4,36192995 -5,0584021 -9,7175966
-7,5252823 -9,1466926 -6,4028524
0,81753801 2,26155127 -1,2364615
-7,1984609 -9,3835735 -2,2099578
1,43489809 1,29199448 -3,0833777
-6,4156673 -9,4743658 2,57115671
3,91245318 -6,0925997 -9,7556208
-3,4054219 5,09749598 -7,4244869
0,95261185 1,41219984 -9,125902
1,20895189 0,59266573 3,45870618
1,814378 0,85958316 -1,0109914
4,1925717 -5,6316442 -0,0257123
-7,5168855 -8,1932319 -1,9306459
1,94609089 1,30840677 -2,8182742
3,97650876 -5,9498156 -4,4455872
-3,1739734 5,50787254 -9,2051071
1,72576326 1,71997953 -7,4686828
4,45037432 -6,1773072 1,05725039
-6,5076741 -8,9062267 -3,8095332
5,00479451 -5,0617417 4,68965303
1,41448544 0,47300926 -9,6189757
4,23372754 -5,9810109 -8,98692
1,17543541 0,84106903 3,06858059
4,12918101 -5,0385911 -6,1490825
0,68950773 1,69704961 -8,9472721
1,05930471 2,14491983 -0,3290843
-2,8875709 4,88086895 4,76947028
-6,401909 -9,4981212 -4,4935089
1,24628096 1,71707856 -7,6945731
0,80128578 1,32003223 -4,5825246
1,1654718 1,19304526 0,89485689
3,98171094 -5,0225551 -9,7676764
-2,7650524 4,34587046 0,88479457
0,4667427 0,9015848 -6,1782783
-5,9840746 -8,4436446 -2,8126489
-7,1765587 -9,0850641 3,64396137
0,49561321 1,8101115 -8,1507543
-6,495118 -7,8235751 2,52844817
3,90151261 -5,6534435 1,93610985
-6,3526811 -7,781127 -0,7707096
-7,0420222 -9,0510722 -7,9236547
3,8242137 -5,0651659 -2,8316475
-2,5752116 4,69765248 -6,9329244
-6,2673655 -8,7731828 -9,8044471
4,3375849 -6,0822879 4,83526954
-6,2480058 -8,6422094 -7,4705114
-5,8234441 -8,1671792 4,31336119
5,06614076 -5,0006026 -6,7697141
1,05481616 2,09848431 -8,7043526
1,55888025 1,28763474 3,04815192
-6,5546671 -8,5843632 -6,4467407
-2,8947368 4,3150306 -9,4186206
-6,7352275 -7,7640749 1,41396927
1,17284706 0,45283492 0,35678632
2,10272659 1,83418105 3,96504789
-3,5966344 5,20854227 1,99767862
4,24028112 -5,7639527 -8,8255376
1,25427901 2,22036542 -7,5982957
1,00641295 0,79914835 -1,5792674
-6,7174856 -8,3999911 -9,6843097
-3,4223331 4,92629674 0,36232316
1,71876651 1,92524591 0,06107266
5,04600262 -4,5700876 2,60653189
-2,5116621 4,71415104 -4,1690786
-2,4974081 5,32218124 0,14544531
5,12032907 -5,9859062 -9,3088766
-2,4902596 4,23700119 -9,4769131
4,19901692 -4,9971467 -1,8243036
-6,7608537 -8,7844085 -5,6761338
1,17459443 0,54482552 -6,2876767
-2,4842118 5,00662281 -4,1495833
4,59638217 -5,2355798 3,59107954
-7,0770235 -8,8148637 -5,1945561
-6,9270616 -7,7462238 -4,7391668
-7,0711652 -8,1449072 1,40151523
-2,6356803 4,37319626 4,10183781
-2,5288073 3,98371082 -7,2463219
2,13319806 1,77830827 -9,7043307
1,67464908 0,64708727 -7,0669071
1,13301739 1,87082762 -4,6193555
5,17620404 -5,7432694 -8,2747567
-5,9227922 -8,9669085 -2,2929745
-5,8603105 -8,8684398 -8,6898353
-6,8967533 -7,7075603 -3,4247361
0,41991734 1,35445178 3,88733333
-6,9816591 -8,0231144 4,47404467
5,13915555 -6,0558358 3,859715
1,07249282 1,16386053 1,02783204
-3,3203091 3,8854498 0,95339958
-2,3454333 3,8768765 -3,6358345
-2,5303141 4,42549062 4,22932043
1,34454203 1,50555189 1,82318753
1,61425235 1,46580121 -5,0082243
4,36458479 -5,8578376 -4,8698432
-7,440736 -9,1337921 -8,2230734
0,36694092 1,82967228 -9,2087511
5,15090544 -5,4862854 -7,9113001
-3,148664 4,82641815 -6,3584453
-2,8193734 5,13576225 3,78653536
-2,5177564 5,44090557 -8,530125
-2,5324779 4,8553132 -1,7902347
-6,915194 -9,3756288 -0,9866555
-3,4470005 4,4838737 -1,4910865
1,66329058 1,67786894 4,93263854
-3,4271217 4,16972795 -1,6780347
4,60623455 -5,9864387 -6,7768645
1,24200366 1,81658381 -8,5010364
4,99801649 -5,6226527 -9,3490501
0,7597829 0,61531422 -2,3733877
-5,7900676 -8,2759326 -7,7636422
3,97563612 -5,8968664 -6,1579014
-2,0038722 5,12076673 -2,9550095
-2,4068603 5,49501121 -7,4959382
-6,0160797 -7,938863 -0,2854844
-6,6234277 -8,476703 -9,8901277
-6,6831979 -8,1007918 -2,0637598
1,40514715 1,83461898 4,9724262
-2,8349162 4,73422523 2,08102481
1,01985358 2,11265602 -1,3726723
-6,1022552 -8,6659758 1,78214675
-3,5997973 4,22267592 -9,8173424
-5,9938384 -9,1305877 -8,8987223
0,76047933 1,32067925 4,35795688
0,78329951 1,25676244 4,49422539
1,09380075 2,37380906 -9,8991755
2,01062436 1,38677275 3,86120337
0,34571129 1,91970596 -8,6813266
-6,8057652 -8,6092892 -7,3460357
-3,495359 5,1319922 -1,3686713
0,80201038 0,78526993 -6,4030478
-3,6162582 5,18066805 -8,972066
5,50055986 -5,2865427 -4,7941542
4,88006164 -6,3436221 -1,6445413
1,31260868 0,59790351 -5,258843
0,75954979 1,56019286 -2,4459144
-6,3324131 -7,9604925 0,70562704
4,44188853 -5,795734 -9,8386834
0,64163709 0,86791673 1,16383252
1,13833101 0,62593403 -2,8007062
-7,6826732 -8,7054479 -6,8197461
-7,1646655 -7,847434 -7,8870973
-5,8736614 -8,9732391 1,77548621
1,18448362 1,57034787 -5,6938557
0,74517803 1,48170849 0,21004099
-5,7852602 -8,4959297 -5,3426721
4,66247178 -6,3170703 -7,0869825
-2,3642893 4,39539077 -8,8019407
-6,1199154 -8,9095048 -6,5985136
1,3131361 1,14540809 -1,7435742
5,24429823 -5,4777016 -6,5031624
-6,3286041 -8,4510629 -0,2069779
-2,5660393 5,52754782 -4,9675397
2,06232322 1,85022497 -1,164963
2,05719643 1,47296079 -8,0371727
-6,7588469 -7,9555202 -8,2532192
-3,6474515 4,30580636 -9,4421979
-3,3885913 4,3541092 -6,6450484
4,01717787 -4,7888832 0,55157323
-7,2566191 -9,1766001 -2,41695
1,60043662 2,21769646 -8,8154025
-7,0556525 -9,131009 -3,89101
-3,0367927 4,64467707 -4,360374
-7,1665316 -9,263275 -4,4259351
-1,8675359 4,66876643 -6,5884971
1,3620942 1,58222318 -3,7889065
-6,4349026 -9,5029435 3,43835516
-6,3067681 -8,1684996 -3,0753963
4,47694737 -5,5420833 -7,2962386
0,68972125 1,6694536 -8,2276857
4,45342176 -6,1532149 -0,3976751
4,84881293 -4,774616 -5,9724044
-7,1127762 -9,4930245 -3,933945
-2,3559025 5,53796399 -8,1506631
-3,5497846 5,14781429 -2,1266735
1,2948405 0,8737528 -1,0929295
-3,1533719 5,55926662 1,1735402
4,88432136 -5,5063733 4,17559261
-2,3783642 5,57311701 -6,4324118
4,42047921 -5,9835459 -0,5274411
-7,5148122 -8,9687229 3,58493064
5,12082169 -5,6050938 -7,88991
-2,3910517 4,0755264 3,79706919
5,26361927 -5,431324 -3,7537655
1,61968087 1,634459 1,84607416
4,2920822 -4,795665 -5,5049249
-6,4012489 -9,3758095 -1,2031811
4,87733987 -5,1248251 -3,684199
-7,1718754 -8,4755508 -5,8741296
-7,5531164 -8,3392093 3,96016645
4,16477095 -6,0546824 4,94919295
-2,6339273 3,80774971 -2,6632239
-7,1313999 -8,0611918 2,76038964
1,53686416 2,16583126 -0,6856426
-6,0292677 -9,1224322 -5,5407708
0,8248987 1,91215186 -6,0434506
-2,7176031 4,3824626 0,61173286
-2,7438349 4,14972124 -6,7138119
-6,6875728 -8,6215664 -8,7314203
-6,5004453 -9,3591385 -0,2322716
4,191194 -5,3795439 4,63584227
0,8365241 1,38878543 -0,463886
1,19474841 0,57785397 4,08344465
3,89065742 -5,6619986 -3,4786453
-3,082689 4,17580184 0,87128649
-3,3568768 5,02985838 4,26105345
-6,0085423 -8,5141521 -8,467598
0,64153746 1,77801723 -7,1354024
-6,8557663 -7,8022176 -3,3061451
-5,9144075 -9,126385 1,21054061
1,28963915 1,55459677 0,08667682
2,05427093 1,81033222 -0,6024609
0,86868165 1,04560195 2,94509584
-3,0266362 4,33930138 2,70921147
-6,9182781 -9,5790013 -0,3579643
-2,8738033 4,17797871 0,1378448
-6,6388283 -8,9009317 -7,5089741
3,77752978 -4,8518498 -2,3941133
-3,0319165 3,97229823 -3,6528306
-7,4402636 -7,9887169 -3,3666358
0,94748858 0,94677676 -9,2861998
-5,8176527 -8,3500021 4,08530542
-6,1952996 -8,3921862 -4,8898324
0,83043953 1,57536066 -3,7323529
1,37624714 1,99697193 2,38546213
1,18511962 0,62635 -4,1865909
-2,6371743 4,17761615 -4,8241904
1,67024649 0,9615885 4,24866546
-3,5985917 4,27603788 -5,6451561
5,04802951 -5,7330637 -6,0317456
1,35500375 1,95485735 -8,1858128
1,74833992 1,84030331 -0,9747712
4,72393849 -5,7616049 -3,2851843
-6,5518619 -8,6357443 3,98836144
4,52094518 -5,7653569 -9,9541729
4,16688623 -5,4207631 -4,2223285
-3,6089571 5,22639628 -4,001472
4,57037732 -5,7882463 -9,3575973
-2,2192463 3,93781121 -3,3192649
-3,2543103 4,22507359 1,50408626
-3,3108108 -5,5573305 2,78178008
-7,1349468 -9,2555592 4,40829638
-7,2877533 -9,2727665 -7,584214
5,175762 -5,1191996 -1,3249
-7,1261287 -7,8365662 -7,4813389
-7,400884 -9,0112563 -7,2815579
4,72799085 -6,3631783 -6,817362
-7,2594383 -8,3442245 -8,3703285
1,70373529 1,68983156 -4,5023155
1,69410657 1,09357456 -6,1489028
-2,1715572 4,08838418 -8,5137497
-6,2199008 -9,0748997 -2,1716284
-6,2947071 -8,0353016 0,50408908
-6,9544773 -8,3426854 -1,404304
1,22371441 0,68124778 -9,3600068
1,35497937 0,8783648 -1,2021973
-6,9787246 -7,8178393 1,03056317
2,19590589 1,28232193 -4,6818037
-3,2778904 4,55735491 -1,923733
1,65339455 1,20800878 3,34185058
1,75773131 0,66387311 -9,222013
5,03146927 -5,2789137 3,34316562
-2,1012635 4,36009941 -1,8944595
0,76722106 0,68041183 1,94892198
4,63800934 -6,118222 -7,0711769
0,36410798 1,24136339 1,90918971
-3,2400767 5,05073477 4,88313561
1,25202185 2,27123383 3,93046536
-2,7270787 4,65350946 4,78004707
1,39739319 0,82844503 -6,7824485
-6,0493448 -8,4173301 -7,2154675
4,57074796 -4,8637821 4,37228541
-2,7394367 4,36134119 3,26274174
4,40824278 -4,9596052 -1,7257572
-2,3440635 4,44775957 0,56025708
0,97642419 2,2695948 -0,0961268
-3,5776101 4,91457093 4,03023694
1,44852731 1,66081698 -8,5363115
-3,0515062 5,14599259 -0,9237067
-2,8020177 4,12281061 2,59028168
2,01494579 0,88681237 -4,4989007
-2,1084429 5,31083431 2,79921911
3,62747256 -5,2189784 3,13502994
-2,3198385 3,96640996 -7,2586643
-2,6041751 4,2957132 4,3663008
1,58038049 1,10421053 0,53780563
0,30340669 1,09245124 -5,2265905
-3,2944872 5,52230001 -5,0084015
4,91791747 -5,0299 -1,5559928
-7,0155571 -9,0302443 -5,6274367
0,73477944 1,29838476 -4,0534341
1,49250957 1,29999104 2,4287171
2,15095316 1,43891177 -5,9773677
0,7078815 0,92036066 -4,846346
4,57589171 -6,2804283 3,88310344
1,05410916 2,1097024 -3,7488146
1,4392409 1,46319165 -9,9303521
-7,5958412 -8,3697709 -3,6514299
-2,5868692 5,39933411 -6,6566895
-2,8353785 4,41186913 -3,8201315
-3,0598034 3,85077463 -9,5145013
-0,7142351 -1,1260892 2,16362053
0,83472347 1,43886057 -4,2894634
0,74343497 0,63744008 -2,5676706
-7,507308 -8,5837566 0,40333982
1,9042272 1,12437721 -9,9040865
0,72002891 0,61575233 4,91258518
-3,1659651 5,19506699 -5,2755372
3,75854081 -4,824324 -8,3309844
1,29624051 1,66548382 -1,5216923
1,48596954 1,11335321 0,89826188
0,37428933 1,93734422 -3,3592603
4,01562743 -5,1781298 4,86735203
-3,5665879 4,46756664 -2,8421092
-5,6969469 -8,7422194 -9,8999991
4,08283222 -4,7625544 -8,122935
-3,6000733 4,80583101 -8,5079289
-6,1534357 -9,3103606 4,80316597
4,91661157 -5,1352299 -8,2260564
1,69484814 0,91512779 2,97751865
4,99097373 -5,5574617 -3,1156107
-6,2227719 -8,2760886 -3,8325333
5,43704688 -5,0191427 -1,4623055
-2,6610226 4,41639834 1,95182195
-3,1702587 4,24383666 -1,0155499
1,42961999 1,66052604 -6,7331097
-6,5844637 -8,8182781 -5,4583851
4,15534993 -5,6580365 1,12716613
-6,181087 -8,2403778 -5,325763
1,20405393 1,16208773 -1,3951831
0,78324336 1,57170539 -5,8852333
4,1802271 -5,7997863 4,75550756
-3,0508104 5,56210038 -2,6528343
0,65584783 1,62835798 4,21331756
-2,5579073 4,8210523 0,71010001
4,81162509 -4,5042506 -8,1935715
4,36444966 -5,4936366 -9,9746953
-2,5010887 5,41247274 -3,1751306
-2,8692392 4,98892723 4,42956172
4,55977024 -4,5360493 -5,6082394
-2,2754642 4,16725191 -0,5089992
-6,9711206 -8,3087394 -0,8169208
4,32827153 -5,5109399 -2,668382
1,66250011 1,61005818 -7,7302324
5,05415982 -6,1422718 3,93822589
-5,7362588 -8,6696495 1,727824
-2,4388426 3,9221759 0,03464436
0,41645398 1,94891718 -7,4158513
1,76074575 1,12948729 1,68577717
0,66286785 0,94556154 -4,9669027
-3,3014003 4,78923501 -5,74264
-6,2583078 -8,6687988 -3,8254016
1,0124297 0,67988322 -3,7965586
-3,1319235 4,72819167 2,73827702
-7,6398572 -8,4805121 -3,907387
-1,9068509 4,28882093 -8,7133471
4,27792125 -4,7219892 -4,6376032
1,28080849 2,23347373 -6,8935303
-5,9396441 -8,1804637 -5,5581839
4,59215334 -5,6092727 1,86806115
-2,2225175 4,48514349 -1,4795086
5,39845684 -5,2677911 -1,2580738
0,51141044 1,43229311 -0,1291412
-6,8919014 -9,2924739 -4,5268565
0,27272922 1,11311226 2,09222333
0,97968595 1,13593099 -9,761927
-5,9088757 -8,9657049 -8,3900277
4,59405598 -5,7132896 -4,5292643
1,33257579 1,11749611 -2,1831825
-6,2093259 -8,7509504 -3,8094675
4,71808176 -5,8857183 2,48024986
5,12275016 -4,7873308 -8,9100907
5,16648613 -5,5623189 2,35551301
4,09747923 -4,966953 -5,4053654
5,03465134 -5,9032688 -7,3726304
-2,2281593 4,83753075 -3,6199543
-6,6642072 -8,9395468 -5,89485
5,17394187 -4,7465367 1,20581084
-1,950315 5,20159525 -2,0587225
4,33382427 -5,4291109 -4,8870494
-6,8190691 -8,4227901 -0,6732842
2,18805762 1,41880337 -6,3978508
-7,3322546 -9,0838644 -5,7195686
1,43188749 0,58858785 -2,7393946
-3,2477782 3,96052285 4,08486316
1,78691586 0,73638443 -8,997668
4,94380917 -4,7404852 -5,6322609
-6,9881158 -8,5235221 1,05244723
-7,4814738 -8,5025081 -7,5324463
0,77110028 1,76775856 1,5089286
-6,9180023 -9,3253567 -3,5175854
-3,0819662 5,15740541 1,69036843
1,68470226 0,94795746 2,80881489
1,01769135 1,74177222 -1,805143
1,81611184 2,00092161 1,97787155
-6,8536236 -8,4146794 3,00549038
1,66076993 0,93546077 2,70801548
-2,2175388 4,02223076 2,37499529
4,4981355 -6,3700657 2,64761383
0,79208954 1,7234939 -1,5015523
1,69711578 1,38008271 -4,0165228
1,26966261 1,97522952 -0,6030491
-6,7804215 -9,4449289 -5,8686869
-6,555879 -8,1772892 0,6651091
3,69154024 -5,6164389 -2,7660622
-7,1405637 -8,5775152 3,52584902
-7,2708921 -8,5000514 -5,8274538
-6,6183691 -7,7776002 3,6948592
-6,9294445 -9,4921827 3,54650866
1,03672447 1,31775093 -7,9234165
-2,4816273 5,45844559 -9,7826553
1,08383976 2,19856413 -6,3358265
1,11088053 0,68646656 -7,5103377
0,90712181 1,01662648 -7,8207776
-5,8314716 -9,1046664 -9,9390623
4,68053588 -6,1234067 -5,1327955
4,01021837 -5,0462635 -3,101314
-7,035947 -9,1433054 -1,712064
-2,6818871 4,12655258 1,02704891
-7,4514031 -9,2604822 -0,974266
-6,0721749 -8,1522639 -1,0925481
-6,8268737 -9,4947733 -0,3488098
-5,907082 -9,1762917 0,3515029
-7,3926576 -8,0587329 1,02408799
2,52671424 -6,0814155 -3,6342184
-6,6392728 -8,9203063 -2,9603142
-2,4698092 4,51382723 -9,7310873
-6,7276557 -7,9817737 -0,2178663
-6,8139212 -9,4312537 -9,9691606
-6,6347535 -8,5658166 -6,6553513
-7,4420193 -8,8761581 -2,532035
-6,990521 -8,9013235 -4,7841857
4,1326034 -4,7246759 -9,9591512
-2,0913354 5,17092985 -7,162093
-2,7789334 5,2602592 -4,527327
4,87263138 -5,0305273 -1,4776683
-2,1096343 4,74111151 -2,2768607
4,15094307 -5,7933775 2,94036277
-7,2407477 -9,4530464 1,01314432
-2,5689037 4,38608462 -7,1128232
1,84164128 1,58965409 -4,5839411
0,40680399 1,53797735 -2,1450701
-7,2508596 -8,6399526 3,0710331
4,08828939 -5,7633994 -2,4485686
3,96443987 -5,1705605 -4,5823153
-6,1722892 -9,3778314 2,57993063
-3,215125 4,80328728 -6,8496948
-6,5448618 -8,73621 -0,3524772
1,45707967 2,10917605 -3,1106848
5,30912105 -4,9231374 -3,0128879
0,63835404 1,93752511 0,53769602
-6,2047761 -8,5195837 2,35698764
-2,1696235 5,22159835 2,57909272
-6,1770048 -8,1841352 -1,0820244
-6,9502197 -8,5189285 -2,8674083
-7,2097269 -9,2145386 -6,9543496
-3,0689104 4,34758607 2,14176497
1,48428158 1,00976263 3,8309421
4,45023259 -5,7909098 -9,6342454
-6,2991558 -7,8950408 -0,8296788
-2,4824672 4,31422641 -7,7808327
-6,856903 -8,1706507 -1,1457801
5,13499719 -4,9653314 2,13260578
1,91744593 1,06705067 2,85610374
-3,0364236 3,80763912 1,77228037
0,96890033 1,41446848 -7,2379117
0,79339501 2,2171491 -0,8406198
-6,7289095 -8,5850498 0,60619139
-7,2208729 -8,6430463 -2,6477858
1,62924609 1,91357196 -9,4574668
1,11672381 2,18132118 2,31565045
-6,8603512 -8,2681433 -7,7852215
-5,9761017 -8,1830339 -5,040496
4,232524 -5,0836901 0,57084413
5,03252823 -5,3608361 -5,3863689
5,19184494 -4,9167535 -1,5096754
-2,1515979 4,48404901 -1,7411203
4,40613841 -5,4810287 0,77788196
3,96091382 -5,08723 -9,7184627
4,8748198 -5,1354982 -0,3669632
-7,0254402 -8,4227465 1,75413901
-2,0482305 4,12519751 4,90555358
-2,3241993 4,21253847 2,29426646
-3,0049797 4,09626358 4,10875204
0,80383559 1,69621352 0,16417031
-6,0773889 -9,3864012 -9,1157108
0,55766091 0,76311976 4,7912839
4,38415608 -4,9778494 1,43421757
-2,1771883 4,25959163 -7,4849693
-2,0846783 4,09053204 3,90365993
0,30500533 1,75264651 -7,9240608
0,50601073 1,57502575 3,62211678
-2,5256887 5,31849088 -6,6718128
3,74476653 -4,9513615 4,686141
1,86273385 2,15028616 -2,5233304
-6,5805019 -9,2685214 -2,9906782
1,66226891 1,28031407 4,14783524
-3,6521447 4,81132352 -6,0829553
-7,1545304 -8,9310968 1,4709738
5,00891237 -5,5516651 -5,7078893
1,66417285 2,09147033 -2,7010215
4,05231047 -5,8547479 2,01181019
-3,1256608 3,97385535 4,71258425
-2,5627557 4,47268323 -2,6030433
-5,9164104 -8,0051543 -7,7124839
4,48437645 -4,9538393 -9,3711579
4,91251879 -5,8018924 3,53053655
-2,1201372 5,12742347 -2,4000855
-2,7579602 4,51533386 3,90469255
-6,5133261 -8,8151865 -2,6405785
-3,4155828 4,62242153 -9,1592324
3,75818235 -5,777049 1,15125942
1,4033546 1,56724467 0,76163788
-6,3671198 -9,3636092 3,90590259
-6,9578341 -9,251549 -5,5177066
4,03528793 -4,9554963 -8,027233
-6,6300107 -3,2667563 -2,4078982
-6,8103888 -8,1988711 0,01575556
-3,0040941 5,04245601 3,23509301
-6,7018242 -9,4678427 3,81802717
1,31360737 1,96556629 -2,7911312
1,58908441 0,6257278 -1,5873001
-5,9209521 -9,1409706 -7,2725105
-7,0021724 -8,4474796 -4,9414267
-3,3425033 5,15283131 3,69572138
3,69422597 -5,1671996 -2,4160048
1,51511564 0,9274599 1,34211125
0,74274105 0,74255744 3,68110271
-6,7426762 -9,0219667 0,74000849
-1,8608163 4,47190054 -4,3361718
-6,4236593 -8,6490105 1,59767828
1,03146929 0,79962412 4,52387147
4,69585407 -4,6570526 4,18314136
4,98921021 -5,5973529 1,35361573
-3,2541349 4,62659338 -4,0079346
1,53299769 1,33723945 3,91502428
1,77677347 1,87065751 -7,472426
-5,9718728 -8,4279369 -9,1984742
-2,3253124 5,1945298 -2,0714967
-6,2138263 -8,2201856 -7,3280673
-2,3227506 4,09132833 0,26659475
-6,0501422 -8,070795 -4,3890138
-3,6957285 4,4659246 1,37816141
-2,6829741 4,41316831 4,63321098
5,31769048 -4,9991846 -6,8044336
1,02044399 0,55344989 2,58865367
1,09806327 1,91979088 -1,4474507
-6,3712025 -7,700936 -7,102895
-2,3355673 5,30194737 1,33323251
-3,0803417 5,09217988 -1,7934411
4,72375847 -5,1170256 -5,0698954
4,63101328 -5,4424191 4,53979571
1,4463764 1,715364 0,71617852
2,00421502 1,49410596 -5,1924065
0,83068469 1,20741022 -0,045207
4,41297855 -4,420982 2,80510174
-3,2014243 5,36333182 -2,1803378
1,29759134 1,45242758 -8,5442366
-2,3657039 5,09775352 4,29256622
-3,3126255 5,19282154 -7,1088401
0,72065021 2,0123865 -8,3165379
-7,1193023 -8,4457166 -6,5102943
-3,3674326 4,98717358 -1,5331824
-3,596267 4,8212028 -8,682801
-6,3335819 -8,7656613 -3,816796
-6,6968641 -8,2190469 3,43245428
-7,4429309 -8,4549952 -8,7855684
1,97339474 0,82868453 -9,7853868
-5,789088 -8,7475728 -0,0962125
1,35690832 2,31736537 -5,4864094
-6,6598094 -8,102478 -9,2885551
4,37121889 -5,641676 3,45310286
-7,4490873 -8,9266367 -5,7277828
1,61325112 1,1591364 -5,1770671
0,84303379 1,52092384 -4,5969387
-7,6384735 -8,5209553 3,0245287
1,66087929 1,26516858 -8,0725255
4,25625428 -4,6373632 -3,0125232
-2,4357051 4,37398797 3,45497916
1,18027833 2,21879111 0,64227344
1,29865282 2,1132854 -4,6261567
1,79663905 1,84322479 -2,0861282
1,85616238 1,99810674 -0,9122949
5,53183398 -5,6318156 1,21251071
0,73140141 0,58148909 -2,6885673
-2,8242042 5,00916712 2,83867098
0,88434841 1,13841125 -9,0115515
-3,1950937 4,52805645 -0,9602901
1,85759959 1,31419589 -2,6213077
-6,7014715 -9,4637733 -4,2662428
0,94509373 1,58646791 -0,4046452
1,8631141 1,18537543 -6,0453296
-2,3778863 4,92840668 -6,0833045
0,70418974 0,81862306 -2,0131575
3,88543527 -5,3767354 -6,225387
1,15847882 2,18166175 2,63737477
5,33376978 -5,6468712 -0,7921409
-7,232947 -7,9907447 -5,3588362
1,66041753 2,32175178 2,34740051
0,95910941 1,82150709 -7,0732084
-6,7046093 -7,9044828 3,23212147
1,54142767 0,87082971 3,13586414
-6,499076 -7,8434396 -7,6523316
-6,9817643 -8,005486 -5,2550565
-6,4426592 -8,1171183 -1,7826786
4,19105938 -5,0968432 2,07671058
-6,4872077 -8,4390262 -1,8170401
-5,9983808 -8,7228349 -6,3969721
-6,3563999 -7,9007141 1,2570537
-2,1242594 5,11875326 -2,0554674
-2,1252627 5,37550084 -2,4422708
4,97693483 -5,9167011 -7,1237278
-6,9392818 -8,6609895 -3,6957249
-6,080257 -7,9490071 -2,8674867
-7,0873714 -8,4499354 -0,7870883
4,55613727 -6,0230988 -8,0989633
4,07365811 -6,192524 -0,7067505
-2,6588877 4,08601168 -6,0033066
-7,0476908 -8,7874804 2,48016875
0,23712851 1,40693999 -0,6787056
-6,5539525 -8,3702662 2,77216419
4,37841054 -6,26161 1,7899654
5,38800045 -4,8937173 -3,5478094
-7,4531009 -8,7082888 1,94206253
1,01336425 0,92295195 -9,987716
1,13948942 1,1135587 -4,8357003
-6,6332427 -7,8695389 2,38025255
1,87469475 1,10304116 1,09715797
-6,5525053 -8,3617491 -7,5451135
0,58286753 1,47474096 3,43667978
0,37796795 1,59878079 4,39477201
-3,5929321 4,29383736 -8,4218363
4,8653678 -5,0136663 3,22388422
-2,248347 4,12720562 4,45147002
-2,5279448 4,48949055 -2,4075209
-3,5042538 4,87647743 -7,6618442
-2,2070294 4,50719568 -5,1342659
0,61654231 1,10701768 -5,2298315
-6,4229874 -9,0557563 -2,204113
-6,1236656 -9,0493609 -9,262238
-6,6281765 -9,2948809 -5,7616297
1,99657158 2,03336458 0,31771971
4,90739651 -5,9074029 2,01216055
-2,1244756 5,36605624 -7,6621132
5,09345846 -4,7573719 4,01392875
3,60334445 -5,4613368 -7,2942915
-3,1345649 5,14252409 -2,7292595
4,75020873 -5,8380171 -6,8259162
-6,8364939 -7,7592722 -1,7420606
4,85329263 -5,4502987 -8,8432326
1,00033865 1,52233023 -0,141784
-3,5207778 4,61835996 -6,4420512
4,15967218 -4,6834932 -8,0067427
0,77304411 0,95942184 4,6827155
-7,0448958 -9,2329102 -1,5200724
-7,4276311 -8,1229221 -2,1482418
-3,5516744 5,14939362 -7,2844526
1,20205532 1,98466684 0,55339656
-2,2561767 4,62240243 -7,6460451
-2,4206639 4,5455166 -1,8076421
4,12829375 -5,9948397 -5,6773132
-2,7284071 5,61701971 1,59456525
-6,0569569 -8,4386751 2,01732374
0,33748786 1,35759449 -7,6992822
4,87247758 -6,3308787 -5,5384958
1,12056891 1,06614492 0,86609767
4,48921854 -4,7963184 -4,0959473
-7,3700132 -7,9862899 -0,5016068
4,00243053 -5,2900407 -1,3003921
5,20696565 -5,7849113 4,53370144
-2,1167268 4,79745708 0,062957
-6,9847348 -8,5331782 -9,9397015
5,40526632 -5,766799 -7,2864985
1,04406713 1,17119489 -8,1177442
-6,7408745 -7,9070535 -3,3688085
1,02480877 1,96268308 0,28099929
5,20236991 -5,784367 -3,374063
-7,2197083 -9,2319801 -9,0810436
-2,0674248 4,75282248 -7,9771527
-6,4364384 -8,3663805 -6,6631189
1,44920616 1,03207699 -4,2590907
-2,4378744 4,89674423 4,03415797
1,21565248 0,77683772 -1,9856026
-6,702627 -7,7436037 -1,5633559
-3,0304584 4,48625147 -6,8697589
-3,1057707 5,18853637 -1,4889833
-2,5105325 4,32464442 -6,110039
-2,758496 4,38484475 0,71041379
4,38607269 -6,1107034 -1,2743202
-2,9124244 5,05695117 -6,1993648
2,12344591 1,43798133 4,20223629
4,39718268 -5,1339977 -2,7799029
-3,6025148 5,10007116 0,79498631
3,74199477 -5,3406137 3,83611403
-6,962753 -8,5905093 3,09306722
1,6036771 1,73933272 3,64514438
1,53331957 0,59059498 -3,1568263
1,63130854 1,33460311 0,00668121
1,01961365 2,38257294 -2,6446967
-6,9494747 -8,3050162 -0,4847549
-3,1488586 4,6256127 -9,6129228
3,97036739 -5,6041734 -4,0021981
-5,9140406 -8,8895277 -3,3701849
1,58937594 1,56643941 0,73386505
-2,5233764 3,967669 -1,7324983
-3,1416797 4,8728808 1,91925713
-2,262293 5,10997512 -6,4395843
-6,1471909 -8,314815 3,6038664
-3,6007279 5,03929088 -2,0982842
-2,9261899 4,35241751 0,619528
-6,9900492 -7,9758968 -7,0274883
-6,7057716 -9,252366 1,14413832
1,65578759 2,00963278 2,19353727
0,62348426 1,15813823 2,37305245
-6,8937983 -7,9018177 -0,4300039
3,67945272 -5,5954811 -7,0578564
-2,5592168 4,57019341 -2,1272956
-6,0501398 -8,0011939 -0,869415
-7,5519023 -8,4130369 -5,2622442
-6,9255356 -8,7355261 -9,4444581
-7,6390593 -8,8588014 -5,9288579
3,61471942 -5,1372335 -3,4793154
-6,4381372 -9,386065 -5,392539
-7,055811 -9,5107955 3,18441122
-7,5035423 -8,6242715 -4,504702
-6,8628756 -8,1062402 -7,7660376
4,35384231 -4,5460139 -3,7696791
-6,9453979 -8,2326731 1,25985009
3,67648912 -5,2016471 -9,2584702
-2,810029 4,19116592 -8,1117508
1,76616416 0,92066229 3,45746248
-6,9432244 -7,7655375 -9,9815298
5,41634226 -5,4502053 0,39334991
3,7396728 -5,94844 -8,6786402
4,26850696 -5,5023575 -0,3359344
1,44558459 0,80337321 0,73547199
3,62750831 -5,5165254 3,85441948
-6,3809416 -8,9221827 4,39100807
4,80547969 -4,4580149 -7,5385142
-6,8259698 -8,3034171 1,9795549
1,08104359 0,83621953 -7,8200966
1,49929588 1,83779478 -7,9094792
-6,5470175 -9,4485134 -5,3896836
4,64690657 -5,0524025 -7,2794115
-2,1003947 4,12669505 -9,6682081
4,88635391 -5,0878583 -0,6006959
-2,9939911 4,80173162 -0,2056059
1,77721618 2,19156547 -8,3450142
-3,5110677 5,13125928 0,51929927
1,39421498 1,91339616 4,75376082
-3,0886523 5,04328099 0,62550051
-7,3677232 -7,8908127 -6,9711036
0,54211485 0,89518783 -1,564474
1,00363141 1,78580702 4,81651701
-3,7182823 4,99306875 -6,5734686
-6,681316 -7,831318 2,71703125
0,65361123 1,28087733 -7,9975234
0,53738667 1,51796844 -6,1760893
1,14367694 1,46310095 -9,9595422
0,91700562 1,68322513 3,38315314
4,30582869 -4,5778906 4,96317559
-6,4371052 -9,1672838 0,944738
-6,4691874 -9,0676832 1,71643334
-6,2047644 -8,5401319 3,16049658
-6,7669497 -8,414972 -5,142725
1,72602245 0,95647379 2,81484927
5,40447679 -5,9046958 -0,8180995
-7,1816168 -8,8810116 1,61219359
0,61001749 1,40561467 1,35356415
4,29791443 -5,5712567 -4,8524781
4,43598096 -4,8312785 -9,0053476
5,36349575 -4,9367751 -6,2729073
-6,1440663 -9,1596415 -0,2482237
1,54131707 0,54138762 -6,7029642
0,7885946 1,7594292 -0,7840644
5,04395795 -6,2656548 -3,2339574
1,06613291 2,34103411 4,43492325
0,37871892 1,72140791 -1,6636522
-2,2353114 3,90877676 3,36160193
-2,7502076 4,29177766 -8,8779869
-6,2171617 -9,5004983 -4,8097694
5,10288451 -4,9961338 4,05091694
0,61359482 1,32797869 0,60187583
1,17368664 0,990974 2,82815632
-6,0672382 -8,9216186 -4,8549717
-3,7173548 4,57551292 1,25088131
1,12047055 1,68202945 -6,8717131
4,8293779 -6,2052138 -7,1484985
4,52609426 -4,9725153 -6,2815675
-6,3623772 -9,1488977 -2,8676193
-6,2350215 -7,9998126 2,51324023
4,78211955 -6,1971775 -0,7894821
-7,1929954 -8,7446181 4,11577169
-7,636242 -8,7346694 4,90556763
-3,7405831 4,55523944 -0,8252816
1,26020018 2,31806053 1,51035035
5,06832714 -5,8180305 -2,3074038
-6,252991 -8,4071392 2,84535128
1,93450939 0,82311142 4,65007427
0,47805383 0,93155823 2,34252789
-2,9968654 3,85903567 -0,1098848
0,62605754 1,29202216 -0,9144
-2,2902101 4,43653504 -1,3499089
0,64977754 1,42572902 -4,5657943
-2,5567562 5,3651755 -8,2705468
3,80248152 -5,5676571 -1,7054093
-1,9352045 5,00241433 -0,153749
-6,7835585 -8,0278743 -8,247223
-7,3308348 -8,7112643 -6,7714098
-7,4638681 -8,6468376 -4,5836278
0,46487959 2,09083359 -8,8941349
-2,1491868 4,88055259 -1,1936684
2,47026099 -5,3335561 -8,5187806
0,77474285 0,88595887 -8,28593
-7,4629015 -8,9443546 -4,1510995
-3,2288815 4,59659313 -9,0000125
0,26458964 1,49735575 -1,8838882
-6,4683265 -8,6366705 -5,4612559
1,45303578 0,99986562 -0,0889815
4,89383943 -5,4962341 4,72911768
-6,6220856 -7,8280929 4,70453764
0,96465376 1,28075241 -3,2073321
-7,3096886 -8,63005 -9,9519661
-2,1276979 5,27976949 2,75271016
-2,1135347 4,45460701 -2,2389062
0,65802236 1,27813342 -5,7823653
-7,4152036 -8,2300376 -6,7628491
1,11507071 0,82947997 2,97644839
-2,9623703 4,88423021 -4,5385882
4,93549202 -6,2874476 -8,8840893
-2,5039294 3,8314905 -8,5196582
4,55231719 -5,7309969 -3,1197577
-6,9381637 -8,2776091 4,35044486
-6,5408701 -8,6296378 -1,4050484
3,69220998 -4,9648724 -6,6611864
4,60434736 -4,6783834 3,74520509
-6,8531371 -7,9894122 -2,0566853
-6,9065958 -9,1773585 -7,1806578
-7,3621785 -8,5763896 -1,5303487
-6,7636388 -8,0682565 -6,9321042
1,07231128 1,33228226 3,99041763
1,54756023 0,56274108 -9,0434188
0,54059384 1,41210697 -2,2019473
0,89235405 1,80850453 -3,6483376
-2,6214692 4,64791028 -6,0300237
1,44459175 1,57869663 -2,4280718
-3,1338833 4,11300272 -8,5525356
-3,4219864 4,22488591 4,43991247
1,39238621 1,18458762 -8,3592632
-6,2095218 -8,4224842 -8,4463737
-6,8652566 -7,7440508 2,62193121
0,59754886 1,08425493 1,43988006
4,92507326 -5,3768247 -4,3114014
-3,1308592 3,92787809 -1,8100188
-2,9186451 5,1384628 2,44914318
-2,8553104 4,46346386 -9,5961004
-7,3832104 -8,9666712 -4,3779347
4,30714524 -5,9123018 2,04250685
5,43322361 -5,2109096 -1,6550851
1,84655538 0,67405124 -7,2426036
-6,4752019 -7,786942 -9,9871609
-6,2503461 -8,7839162 -4,4292647
1,45488644 0,61752961 0,73418658
-3,1731256 5,54121856 -2,7253758
1,66911366 0,62541394 1,13927956
-2,1163961 4,82611223 -5,7846338
1,8715189 0,98420824 3,60068629
-6,8200259 -8,0289448 -3,8081546
4,12859412 -5,8097484 1,14268628
2,18524449 1,58242998 2,65581582
1,35796839 1,77283899 -0,0020762
0,78706176 2,29844516 -9,6222341
1,21412496 0,59744529 -5,3395424
-6,6136247 -8,2474362 3,49458093
-5,8711295 -8,1241136 1,81653848
4,36498234 -5,5174639 -0,6847408
-6,7793358 -9,1135851 -4,4736706
4,71883305 -4,7717312 -1,2491949
-7,5587194 -8,5383287 -3,8172095
-3,4779537 4,15667953 -6,6789851
-6,8154789 -8,5364457 -9,7071033
-6,3200795 -7,8031156 -4,0827083
4,65555607 -5,8735192 -1,5361551
4,90530558 -6,3375054 -4,5789362
1,29318782 0,91995261 -4,7294816
-7,2430103 -8,2602437 -5,3840514
-2,823234 3,84202884 1,101795
4,46408837 -5,3020897 -2,3705452
-2,1608732 4,37073429 -9,1202627
4,92907878 -5,9389139 -3,7396647
-6,0805613 -9,1163707 3,45053849
0,73822091 2,00320905 -7,6529243
-2,2799981 4,93484493 -8,7582212
0,88123322 0,67478446 4,32750274
-2,4824117 3,90446699 3,41982804
0,65574862 1,83673621 0,40810193
0,8031196 1,4655195 -5,4992862
4,45869715 -5,2772426 -6,2775421
5,31018196 -5,6580695 -6,0488548
5,07169891 -4,6983583 -0,8938119
-5,9086874 -8,9787572 -5,6622563
4,91043534 -6,3188344 -4,1205882
-7,1694895 -8,9645565 -4,2580513
4,58290972 -5,1781862 -8,1948915
-2,6404462 4,00892627 -3,045335
0,83429242 1,17820429 3,55791581
-6,9483698 -8,688591 -9,4600909
0,51599385 1,97211878 -1,3073909
1,94128143 1,39702522 -3,7752483
-7,4533322 -8,5343409 -4,5927783
-5,9208069 -9,02354 -9,9241991
5,39250018 -4,9215138 0,96405963
1,81244956 1,53783532 -2,7589729
-7,4312354 -8,6978391 1,67619919
-3,2286458 5,09590783 -9,7666373
1,52376822 1,69479123 -9,1362862
0,50296599 2,0008137 4,74166061
-6,8130979 -9,5775293 1,43439898
-6,8549227 -7,9838612 1,90126664
-2,4150934 3,93118356 -3,7228439
1,18828022 1,38382567 -4,7176303
4,4727716 -4,4773365 2,56040957
3,62691035 -5,4588086 -3,1600062
-5,7706332 -8,8353071 2,93938655
0,93356656 0,97625529 4,18966539
0,39897275 1,1530513 4,44362871
4,27614403 -5,5695459 -7,60343
2,11961622 1,22202753 -1,392193
0,66839934 1,22943338 -2,215317
1,55748162 2,22782354 -1,4945081
3,81573984 -5,8247021 -6,3385825
1,70127083 2,11502155 1,08268767
0,44950711 1,06267078 1,12675603
1,59046332 1,5910616 1,77955913
1,26814521 1,66468766 -1,8531851
0,8570287 1,43631484 -9,0461702
-6,9982922 -9,1302696 -5,9368357
-2,3626456 4,46381822 -0,1072299
1,43109367 0,93529976 -2,6911881
1,02346869 2,21462171 3,74819189
-6,3597799 -7,8222263 0,73385212
-2,5906307 5,30979543 -8,5846018
-7,3407488 -8,576245 -3,8439382
-3,394287 5,32511583 -9,6075151
5,52477429 -5,3798032 -2,4427588
4,6387197 -4,4072361 -0,5312446
-1,9107633 4,72122229 4,88106785
-2,39414 5,14446685 2,72098095
4,37289453 -5,598762 0,77799037
0,24155448 1,29173156 -5,659758
-3,1263415 4,5443108 0,40499629
-6,4775597 -8,1269336 -6,2578322
4,82008534 -4,6936555 -6,6996679
0,90258972 2,24810324 -6,3867431
1,65031285 1,85099701 3,92788071
4,92166703 -4,8396122 -6,3788879
3,63597856 -5,6937093 0,66968429
4,9162726 -5,423014 -0,8969366
-3,0228866 5,08380354 -5,092241
0,59075605 1,34807758 -1,3240275
4,85833416 -5,9072102 2,68143094
1,39967374 0,79974527 -6,3910286
4,86732026 -5,1577799 -1,9561653
-3,0562809 4,41965044 -1,7673621
4,54268342 -5,1902944 -6,8928915
0,68710285 2,15375611 -5,8645086
4,56957836 -5,3992313 -7,0172059
1,50803386 1,75042104 4,86771064
-6,6600285 -8,6960518 -7,4131379
-7,0653459 -9,4769834 1,66673617
1,48836414 2,13494756 0,58927448
-2,6084025 5,31690714 1,81327831
-7,1681339 -8,1545611 0,87803751
3,57254425 -5,3624065 -5,8656538
-2,690833 4,09195708 -1,0862526
-2,8039878 4,03581573 -7,1245572
4,83209612 -5,3566586 1,18133484
0,48554794 0,81384212 -8,724039
-2,5823214 4,21176524 2,42162769
-2,9086318 3,79773078 0,05379522
-6,2257628 -8,0004011 4,89408677
-2,8973096 4,69015978 -1,9182747
0,27753859 1,42332294 -4,481104
3,89817166 -5,3980305 -0,3405691
0,47646137 1,49373154 -5,3212874
-6,6922951 -8,084789 -4,2976664
4,09942037 -5,6491723 -0,7862224
-7,3308363 -7,9932294 2,28740673
-2,7800193 3,81935229 -1,2118459
0,69934436 1,57182199 2,92851637
-2,4053505 4,36271731 0,20828658
1,48629522 1,6024024 -7,2626522
-6,1643454 -9,1710763 -4,9529941
1,13392915 0,71085691 -2,819206
-6,8338178 -8,7878639 -2,7092661
1,0756798 2,00958269 0,32721136
1,93522228 1,25586266 -9,2300292
-2,8756904 5,54865288 -0,9396958
-6,8696345 -8,1408075 0,04466359
5,17936818 -5,9384198 -7,2833388
3,83785636 -4,9296067 -4,3123558
-2,9155626 4,04580247 3,0229043
-6,414081 -9,2306021 -3,9000194
4,79635726 -4,9198524 -0,4412916
-2,5566912 4,36690009 0,51204425
5,23308536 -4,6784689 -0,4291199
0,83748151 2,00195709 -4,9514402
4,79147623 -4,9982475 -4,729244
-6,8282238 -8,621043 -2,499716
-3,5251943 4,56823074 -4,3900025
5,17235952 -5,5384739 -0,3929576
1,41479617 1,9396656 -7,2456446
-3,2062076 4,22511936 -8,8746722
0,84754795 2,35594944 4,22717952
-2,8221073 5,5924853 4,74602434
-6,3918606 -8,1996383 -0,689916
-3,3921177 4,2719703 -9,1492195
1,35398859 1,09651737 -0,5875463
-1,9046018 5,06910108 -9,7798783
-3,696757 4,73240806 -7,2199422
4,02787152 -6,0627734 -9,8151476
5,54871654 -5,485736 -9,6705934
4,9616849 -4,6731905 2,88022755
-2,375459 4,03548114 -5,1166564
-3,1632518 4,01065837 3,19914313
0,55162619 0,89966672 -2,1318507
0,66404239 2,21878009 0,96646523
-6,5749772 -9,3179991 -7,7172778
1,17306313 1,74388481 -8,4583976
-2,8305987 5,68504417 -3,0304878
4,14742926 -5,5688184 -7,2479388
2,00223047 4,72755264 -7,8708235
-6,7687875 -8,4570549 -7,5458911
-5,7992977 -8,5692929 -5,7609685
-1,933555 4,78023352 -8,97399
-2,2373363 5,26368412 -8,5050268
-1,8334743 4,87299151 -5,7645855
-6,8662834 -8,421624 -3,4925096
-2,1629076 4,40101356 0,35537607
-6,4417368 -8,2210318 -7,758275
-7,2820376 -9,2027899 -9,8246552
-5,8114381 -8,8760685 -2,3406846
1,15461441 1,90272169 1,45352383
-6,1934003 -8,6026644 -5,1029062
-6,8390159 -8,2864016 -7,6106335
-2,6551461 3,7464778 0,86244675
0,53320987 1,53330307 -2,9950789
1,98150204 0,97132018 -9,3623286
0,34973744 1,91403861 -0,9435103
-5,7459899 -8,5822517 -1,5012451
1,62049713 2,10301451 -1,6694424
-3,0656678 4,95877842 -5,1874319
1,75470063 1,38616797 -1,7747929
0,77581528 2,20769703 -4,8194158
4,75900113 -4,4813993 -0,4058005
1,84292805 2,19208595 -6,1470548
5,90962349 2,19550278 4,43158783
1,46679684 0,85145355 -8,6238973
-2,4440089 3,7877943 4,51269977
-2,8064356 5,22092398 0,00612667
-7,1242774 -7,9759472 1,06212357
-3,2078774 5,53531617 3,74467431
-6,7331322 -8,5350446 -1,9060616
-6,2182734 -9,012293 -2,9011341
0,75838814 1,06467614 -6,1655156
2,11903107 1,65418555 -6,7881868
-6,5934348 -8,902763 1,69618053
4,23100733 -4,8218799 1,12527184
-3,7389158 4,68363939 -7,9040446
-2,3099377 3,99619327 3,11789243
0,90539598 1,02163699 0,91731928
-6,4219319 -9,5258868 0,80582827
1,06622079 1,91882421 -8,7458817
-6,32374 -9,1816471 2,14681902
0,92002904 0,57334498 -2,9255872
-6,6826937 -7,6794548 4,85777948
4,29778084 -4,4903027 -6,7540623
-3,5460015 4,85334246 -4,1761387
-5,9010118 -9,1002783 1,59820781
-6,3729668 -8,9796016 -4,6070988
-6,4229635 -8,9781301 2,47212624
0,40249273 0,90156243 -8,3443678
1,70851268 1,75401985 -6,5609882
1,18403142 1,15060184 -5,9740998
-3,0479458 4,34357691 -0,9733315
1,85391839 2,19780727 -3,4222071
-6,4894431 -7,8504705 -8,4481418
-2,3199812 4,92764595 3,3085884
0,93229409 1,34815438 3,63151631
-6,7639493 -9,4234182 4,4829578
-6,996742 -9,15072 -3,8824311
4,98646558 -6,2903472 -8,5569644
1,35775129 0,72629176 -8,9750765
-7,4466822 -8,1807163 -3,3288101
0,70337438 1,9930594 -0,4940361
-2,3671416 5,10478432 4,86938033
-6,4782932 -8,2875872 -3,1693723
4,0709997 -4,7090835 1,3458602
-7,1129116 -9,2159256 -3,0347941
1,475599 1,19732589 -2,2937845
1,4006412 2,31778393 -2,5350432
-6,331371 -8,0473489 -4,1781467
-7,2732935 -8,1460113 -3,5794027
5,01777346 -4,9901996 1,80392628
-7,655673 -8,8115664 -7,7896008
5,30933897 -5,7245393 -6,8090584
3,82477562 -5,6482204 4,13476605
-7,5608055 -9,1060944 -4,1869851
5,28323531 -5,5956508 2,02007587
4,29223987 -6,1513539 -4,9857479
4,49845222 -5,6241142 -8,6915868
5,23043074 -5,5624191 -3,107312
-3,3699637 4,92371729 -6,9803884
-6,0916937 -9,0936599 -9,2191099
-2,5050367 4,47949375 -9,8128438
0,9372181 1,60890391 -0,8010499
-7,0832161 -8,9707185 3,99486216
-2,1698822 4,13877215 -5,9447309
4,02270834 -4,986805 -5,3804045
-2,8852193 3,73107698 -4,5111486
0,60251531 0,92507305 -7,8112347
1,71617775 2,1552306 -2,6457752
1,47975346 2,11963542 -3,9635736
-2,2303967 4,25551595 -4,594104
-3,5250647 5,05024122 -3,5453406
4,80298109 -4,432062 -2,7224082
-2,9280984 5,34894064 2,54687548
-6,084405 -8,5319871 2,53094373
-3,1824571 5,18477513 2,390327
5,06628861 -4,9775806 -4,7118951
4,62340569 -5,5713387 2,57989121
-2,4354163 4,69055918 1,09747289
0,952157 1,28030695 2,75082759
-6,2085782 -8,0282992 -4,6785569
1,89440703 1,70608682 -1,7684508
-6,9505373 -8,3875445 -9,1920539
4,02059234 -5,9469492 -5,1745795
4,63046867 -5,8354834 -8,6825419
3,79894448 -5,4020551 -7,3193828
-6,8628445 -9,4270102 -7,8262451
-2,2314697 4,34056747 -7,4272804
-7,5410255 -9,1161536 3,5369646
-2,3097916 4,29364743 -2,2749563
4,23373492 -4,4857505 -1,9086023
1,82642242 1,8812709 -1,0150456
-7,0176025 -9,1489571 4,6359267
-6,1778176 -8,7685919 4,23634825
5,13976469 -4,7674526 2,55403739
1,91175886 1,00493492 4,7247739
-3,0119768 4,27801565 3,2127481
-7,0221052 -8,2224173 -3,9982895
-3,5747633 4,61756057 3,86639546
-6,2262938 -8,2262567 0,58914343
1,7705424 2,04900141 -7,3506037
-2,6528801 4,92709651 -7,3983281
-6,2203213 -8,117187 0,30306038
-2,0973602 4,79902833 -1,3822085
0,6495087 0,80237326 2,34993171
1,08366668 2,28225202 -3,1156483
1,0432072 2,40435004 -2,8761737
-7,1334599 -8,8743126 -9,5575762
4,16293195 -4,6883947 -3,4876617
-2,783267 3,86899596 -9,1971757
5,0431663 -6,2675069 -2,9111552
4,43156924 -6,1783606 0,79617548
-6,7040793 -9,5461814 3,69614247
-6,7801624 -9,370194 -6,3909055
-6,5378108 -9,2191326 0,83474575
1,23557913 1,02209194 -9,1069059
-2,3172261 4,92612574 -8,4767736
1,77406146 1,84149984 -5,5455344
3,76938775 -5,8033219 1,43043902
3,89498417 -4,6733988 -4,2721829
1,10780419 1,74359914 2,9307034
-6,7662351 -8,4493234 2,89168674
1,70472566 0,77427927 -1,8501357
1,29655807 0,74065983 -4,3712869
4,96531365 -5,7328928 4,10383966
-2,4965092 4,86203469 -9,8304482
3,69096205 -4,9261819 -1,2548199
-2,4318 4,68213079 -1,1634654
2,08671222 1,23221587 -4,2688902
-6,9184416 -8,7426526 -2,6304414
-6,7025698 -9,2867111 4,0573675
-7,4631682 -8,2714914 0,79454508
5,24351159 -5,8369751 -0,2145584
-2,2836724 5,21518716 -4,5159011
-3,5860525 4,49399183 -5,7449445
-2,9815661 4,18990622 -7,7353182
1,11113533 2,4073107 1,01266433
-6,0339389 -9,1154759 -0,6166342
-6,3261371 -7,8236504 -5,690862
3,72784454 -5,6026839 -5,815918
4,22102954 -5,7415311 -8,3395222
-2,7907983 4,6025354 0,54353671
1,38436316 2,2445322 1,39381646
-7,6438393 -8,7563289 -2,1255899
-6,5728439 -9,1726304 -8,2260907
0,54943819 1,21064755 -6,6417824
-3,598849 4,41352114 2,01230638
5,23888475 -6,0605642 -8,8368912
0,68546894 0,75914028 -1,6346101
-6,1214958 -8,5536118 -4,0705395
-7,4173305 -8,0336993 2,56973651
-6,9563403 -7,8260424 -4,8787957
-5,799009 -9,066551 1,20684566
1,46803984 2,32134918 4,9155457
1,0665468 2,42660056 0,95486293
1,2680827 2,0381991 -2,1073865
0,88005708 1,44674849 -8,159697
-6,5726373 -8,7757157 -2,1021239
4,62396329 -5,8386256 -7,5194034
-2,1687613 4,60086379 -7,1001951
-6,5164576 -9,4549397 0,32970236
-6,3782818 -7,9619629 -4,0690668
5,16228834 -6,1612333 3,34785917
-3,6540012 5,05579307 -0,058508
1,70491318 2,21811826 -8,7126135
-3,0605817 4,71018975 -6,3180892
1,11112159 0,90593468 -2,5300093
-6,8625276 -9,0938856 -2,430739
4,42045977 -5,2379146 -8,0153861
5,20907545 -5,2977247 -7,8879616
4,6853329 -5,8795527 -9,8316034
-6,5479416 -8,3351405 4,50688448
1,78552839 2,19626651 -7,5671169
1,46742526 0,9226731 -6,6304648
0,96939585 0,8237879 0,02466086
-2,3821477 5,44056925 0,54372616
1,15904004 1,93299686 1,45788558
-6,8025041 -9,0582165 -9,3473057
4,22898341 -5,9650484 -6,2660255
2,03343086 0,95095001 -2,9492237
-2,8881475 5,17736923 -2,7457715
4,20380834 -4,6161796 1,74847774
3,83046736 -4,8718727 -2,6649426
5,14857542 -4,9429305 -6,7346636
3,58463231 -5,2276024 -1,2902013
4,66673247 -6,3296655 -0,1598283
-6,8764656 -9,3080827 -6,9960648
1,24257074 0,56448143 -9,1524943
0,66585342 1,26408712 -7,3881877
-2,7070053 4,66205658 -0,5325698
5,32041164 -5,4026311 -0,1301265
1,85567666 1,36741792 -6,7781686
0,2734644 1,59714423 -7,5396662
-2,7245521 3,75033509 4,18806152
4,51602253 -5,073533 -3,6517727
1,60368945 2,13876181 1,86738145
-1,8779413 5,06346219 -3,7935577
-6,9882441 -8,9786602 -4,9866752
4,37821587 -4,7383016 -1,3624849
0,31852265 1,6355041 -6,9135239
1,63284071 2,10580047 0,15850386
-7,1149456 -7,8879425 -4,7136551
1,22323752 1,8911993 -7,867059
4,04819172 -4,6467444 2,67906693
0,7634139 1,19518945 1,90285885
-7,3361221 -8,8399508 -4,2528314
-6,9649145 -8,5874212 -1,4447365
4,01844366 -4,9514091 -1,1312656
5,0527462 -5,510763 1,8201704
-6,8882592 -8,3330848 3,73341041
4,81729378 -4,4560565 -5,6444354
1,87943009 0,78452699 -5,1060913
-2,3734866 5,25233955 4,04356265
4,71811422 -5,9697531 -3,1785118
-2,1894121 5,39638518 0,63784203
-6,9130064 -8,712427 -9,5009182
1,72839144 0,75139078 -2,0689293
1,80801026 1,17186114 -0,0986479
1,52272944 1,46481279 2,13395185
-6,9157359 -8,7216506 0,00933931
1,6025823 2,30989731 -3,0462378
-6,0904946 -8,6263494 -0,8672943
-7,5188834 -8,4757783 -9,0673393
0,9300654 0,99189597 -2,8897741
1,02682909 0,88812794 0,3132385
-7,278932 -9,0695572 0,59996059
1,62099326 2,1836141 -9,5594155
3,88040124 -5,7376269 -5,5312058
0,70082797 0,98106811 3,28048555
-6,3571294 -8,3762168 -4,026651
-7,1816966 -8,6251257 -6,3225482
1,28615264 1,76223117 -9,0347357
-6,4397047 -8,3812665 4,36677451
-5,7622044 -8,6173293 3,98582264
4,04228963 -6,1356647 4,61551937
-7,4109249 -8,291973 3,37750002
0,64023695 1,48355783 1,59306718
5,35362655 -5,4300741 -6,8843428
0,38104581 1,04863458 -7,126184
4,33938084 -4,5662595 -5,3113206
-7,4026937 -8,592116 -4,9383111
1,19227164 1,16186071 -3,7520892
5,31664036 -5,3193187 -7,2678327
4,50988276 -6,3933243 -3,4454744
-7,3864529 -8,8452952 -5,3700115
-2,6738169 4,44826149 0,70552782
1,52389966 2,22140833 -6,6123813
-3,1868115 5,36548131 1,31054989
-6,1995439 -9,1213752 -1,8508548
4,67090672 -5,0996037 4,39429992
1,09786835 1,48588366 -5,5316508
1,68583623 1,94760696 0,35344982
0,86767048 1,54339476 -6,8203087
-3,6624645 4,57956169 -4,4602563
-5,899948 -8,1284245 0,54871735
-5,9737352 -8,2840762 -3,8479775
5,37394811 -5,9391425 0,66809022
2,1798058 1,54118198 2,29039015
-2,4972977 4,78762192 -8,4058248
4,10045877 -4,6864687 -7,7300335
0,33826339 1,27817588 2,12224845
-3,0245741 4,10842997 3,12988642
-6,7677621 -8,7828787 -0,403506
1,51704779 1,91216761 -5,8551713
1,49933617 0,97344208 -3,9375808
-6,9040574 -8,2695155 -6,6504886
0,50979698 1,18398099 1,4237845
-6,3933784 -9,4264982 -0,6031229
0,37985062 1,22709894 -0,8401586
4,25616394 -4,7123314 4,02798724
4,11698253 -5,9416835 -3,9380531
4,61685095 -5,9505093 2,6847813
-5,8852317 -8,3880053 -7,4500098
-7,467279 -8,4251267 -0,9615984
-2,7860651 4,4993411 1,99621797
0,73880495 2,2458048 4,90414178
-2,1237351 4,93080766 0,84905702
-7,2663369 -8,323462 -0,3826071
-7,5939552 -8,7937628 2,56348877
5,50794089 -5,6718994 0,27999158
-3,3773595 4,4075213 3,05539618
1,32425799 0,46748778 -5,6111749
0,50348763 0,99289002 -4,6720126
-3,511508 5,05273694 -1,495532
-4,0570534 6,49991108 -7,6354527
0,66538027 1,85132765 -1,5209013
2,07637613 1,59748349 4,23758843
-3,2282396 4,83661241 -9,6863502
-2,3648767 4,71823551 4,13533698
-3,1208514 4,93112119 -5,2849855
1,53208188 1,69091789 -7,0516036
5,25809295 -5,4790424 -7,235618
-3,3735365 3,94008618 -7,3850345
-7,3570726 -8,140408 -2,5708469
4,06593619 -4,85213 -5,9596359
-3,1712937 5,25644427 -7,9418694
-2,2848763 4,33508035 -0,8729233
1,71511008 1,24142756 -2,3029778
3,98920162 -4,7624765 4,37938089
0,26879545 1,44455019 -6,4501489
-6,2985776 -8,9687756 -8,0820564
3,72021673 -5,8790374 -0,7080122
-2,3177907 4,29421725 -6,7250663
-7,5543265 -8,9189898 -2,3006626
-6,628465 -9,5027218 -4,7865711
4,2615818 -5,3608636 -7,6405015
-5,9913566 -9,2192346 -2,9100895
4,88888104 -5,5269948 -8,1780612
-2,846594 4,48433829 4,99134347
-3,3630435 5,0876845 -5,8755837
-3,0976147 4,03242523 -1,6200245
4,25356383 -6,1585508 -5,2720443
1,92782735 1,42373571 -9,2755036
5,28375389 -6,0745519 -8,2835288
-7,0036554 -8,8878658 3,59179564
-1,834091 4,82305362 2,45444319
4,30105431 -5,5897792 2,01636345
4,82209484 -6,2355392 -5,8486769
-3,181633 5,38213279 0,47554281
-6,8005145 -7,9561274 3,21436151
-3,1985752 4,44144008 -5,4904777
2,16941887 1,67083993 -1,474332
-3,1219293 5,06140892 -8,4628964
-2,4320152 4,13477901 -6,5551719
-7,4779774 -8,5777508 -6,7850688
1,29282518 1,92019185 -0,4608212
1,52263407 1,15130093 -4,9388312
4,43936435 -4,4598495 -9,3602468
-3,1647936 4,24428264 -4,6411648
1,23047198 1,03798781 -1,2178686
-6,646779 -8,777714 1,9443702
-2,8954422 5,30725258 0,66509117
5,31612839 -5,3690222 -0,5278018
-2,3292657 4,14272541 -4,870255
-6,1246937 -8,9546156 -1,6090203
1,61540012 1,55120176 -0,1025936
0,75645244 0,71802298 1,24770609
-6,4238349 -9,211431 0,61712508
-6,7587127 -8,4603657 -9,7943893
1,18620516 1,5269001 -3,8036088
4,51362919 -5,6229003 -0,9053183
1,26681582 0,98725592 -4,2274041
-3,112246 5,39251607 -2,8565364
-2,7432501 4,67237689 4,38189995
0,82898858 1,26514059 -3,3107208
-1,7446165 1,47232569 -7,9271398
-7,2424133 -9,3949071 -9,0144086
-5,8443438 -8,1999423 -8,5111097
-2,0684661 4,93132368 -7,8695394
-3,1108997 5,15430779 0,49907499
-3,2007877 5,01310995 -0,9064069
-6,9367608 -8,8878949 -5,0772963
5,3454578 -4,8577706 4,04656714
-7,2152271 -8,1096235 2,9997619
-2,702992 4,50354419 1,60726135
4,66398486 -5,9802437 -4,2905148
0,33255566 1,21219312 -8,4770133
5,20393993 -5,660943 -8,2691172
1,97161598 1,25839593 2,73623096
-6,7845636 -8,7656587 -5,7143452
0,97932259 1,3910588 -7,7664851
0,66533299 1,23247471 0,1366083
5,01550794 -5,3382571 -1,6726506
1,83074716 1,28222819 -0,2611909
4,21770652 -4,5745033 -0,9623061
-5,8114838 -8,4109942 3,36638327
-7,4558056 -8,2277597 -5,3211624
5,1904983 -6,1261225 -7,9686556
-3,4870247 4,78884612 -9,9031934
-6,6045886 -8,3594102 -2,10684
-2,5928614 5,43377173 -5,3420463
-6,885807 -9,0275651 -5,9430573
-6,3532229 -9,4380708 1,31336758
0,78786816 2,03647997 -3,0237254
-6,8790428 -7,9926466 -4,6132068
1,77671408 2,01954623 -0,5501182
-6,6727982 -9,4760559 -3,3097321
4,50956491 -5,9552138 0,2251746
4,19973771 -6,1505956 -8,2015123
-2,1571132 4,02816145 -3,8450294
4,98874062 -5,8314099 -8,3701619
1,24875807 1,42759851 -9,1080072
-6,4444543 -9,3822939 0,51963383
4,24272613 -6,0126359 -8,4048896
-3,0078697 5,2526471 0,22380239
4,02155216 -5,6009564 1,60463612
-5,7302077 -8,3972048 -4,6533828
-3,6791675 4,35169265 3,39886452
0,27105325 1,42398403 -0,2113003
4,33037451 -5,5799578 1,40318812
0,72645725 2,30558162 -2,5484853
5,26201571 -5,6464323 1,43678047
-3,2827843 4,70896898 4,4800151
-2,9855252 5,35587435 2,95610993
5,24164245 -4,9418166 1,1926232
4,4757004 -5,5294988 3,31972637
-3,4884852 4,86994441 0,92931033
-6,9421835 -7,8112576 4,58609198
5,07662556 -5,2507606 1,90350938
-6,6458528 -8,1136749 -3,6871425
-6,9786252 -9,5041656 2,38028732
3,75611004 -4,846828 -4,0725574
1,72761824 1,38645959 1,49267621
5,05200367 -4,8852749 -2,4281755
0,62272006 1,10360186 -0,0771434
3,85702247 -4,7679772 2,76561667
0,51150035 1,45098373 -5,2881385
-7,0252068 -9,455481 3,72846199
4,06369755 -5,6221602 1,62027702
0,76847288 2,07278429 -1,2261083
4,41465814 -4,6147492 -3,9374533
0,73870537 0,84420033 -8,5029462
-6,6701351 -9,3366994 -2,4223759
-7,5933515 -8,7481244 -2,438464
3,68217117 -5,7244846 -2,4892584
-6,3163489 -9,4670004 -6,8852023
1,97479068 1,31285228 1,06828867
0,72357269 1,30993462 -7,4124289
-7,1666503 -9,2399119 4,46824179
4,74556586 -5,563141 -1,0809085
1,15210644 2,26351087 2,95538263
0,68003371 0,88025782 -3,0733726
0,57156509 1,77881285 2,95639932
-2,2136427 3,98659929 -5,3319046
-7,409981 -8,3330199 4,76391937
-3,0555746 4,42042543 -0,7476388
-3,1662391 4,1160176 -5,3519437
-6,4184588 -7,7276775 0,08310086
1,1717137 1,02338021 -4,1231624
-3,1744424 5,20704788 -5,0121603
4,59368807 -5,5605493 0,61439135
0,74903023 2,0041152 -1,7926438
-2,658194 3,93533641 -4,9811529
-7,4812878 -8,0549917 -9,399039
-1,0517062 1,72178859 3,67106996
1,28681328 0,76243746 1,30118496
-6,9206669 -8,9784773 4,12222965
1,57988717 0,72460229 2,70114684
-2,5310211 5,00914329 4,02904082
2,18199193 1,31272829 -7,7288618
0,89229438 0,6111475 -4,9594793
-6,8721966 -8,3969099 -3,1251915
1,27091139 0,52332045 -2,8683504
-5,8212993 -8,6820077 -1,8892478
-2,1560032 4,14967907 1,68133785
0,46662628 1,23506786 -0,1090243
0,74165433 2,06044611 -1,0031564
-2,0429895 4,63112297 -0,3975065
-6,5193853 -9,0168362 -6,1403194
4,22376757 -6,1254404 -1,6699716
0,98205274 1,54518886 0,23167547
2,02860178 1,32466161 -4,4782316
1,32486309 2,41477082 2,25305434
-6,9758938 -8,0861644 -8,7150142
0,39972659 2,00276465 -4,6865749
1,61394283 1,77125556 -1,923856
-2,3353944 5,58633709 -8,2595521
-3,715887 4,37544625 0,98834631
-2,6120687 4,17151023 1,31930827
1,51310381 0,61267505 -0,7939952
0,71428713 0,66794013 -7,3608778
-3,2261095 4,74513161 -7,7526415
1,46116842 0,66982009 -3,2924589
-6,8010202 -7,6626562 -6,089792
1,79469321 2,02958263 -9,2909842
3,81975591 -5,522129 2,81739157
1,34407618 1,1488345 -6,8487285
-6,6778302 -8,2688338 -3,3426834
-7,143951 -9,046007 -8,0248973
1,31337497 1,17201928 -9,534118
0,50098702 0,82017971 -0,9794581
1,49279645 1,39225252 -3,9734937
-3,8606121 -7,6232067 -3,0040402
-3,5583204 4,87727211 -6,2243658
1,19844655 2,42494976 -0,6661579
1,61905402 0,93321033 4,18692314
-6,5978397 -8,0868972 -8,3649583
1,18874362 1,22683948 -9,4083596
3,80891368 -5,5617577 -3,3143565
5,03386127 -5,6077713 -4,5938073
-2,7494791 4,72474532 -4,2824423
-6,6202894 -7,7679006 0,85967526
-6,2301838 -8,2877809 -2,5681828
-3,5313437 4,68648579 4,40180469
1,05718017 1,90082759 -0,3126184
1,43317587 1,42746135 -3,7871969
0,35586934 1,53847752 -3,756632
-6,474389 -7,6519094 -3,7120412
4,78995889 -6,128063 -9,7336804
-6,5206802 -8,2035896 -4,5558864
0,95531185 1,87656623 -1,5337651
-2,8588256 4,59045025 -4,0932969
1,35207061 0,75159733 4,60880827
-6,4958087 -8,886216 0,88302004
5,14671403 -5,0363191 -5,3088482
0,26068957 1,18992865 -9,6959395
-6,8373082 -7,9553315 -6,8028961
4,70347315 -4,4910061 -1,7789429
4,8920714 -6,050316 -0,2122177
-2,9232101 4,71846901 -1,349281
-6,1938177 -8,6000204 2,90250547
4,21514406 -4,9600793 -9,9971416
-6,7548982 -7,8826281 -1,6721507
-2,8165126 5,27215181 -3,9152492
-6,3566446 -9,340237 3,47797722
4,19944539 -4,5356436 -7,631623
-2,7564199 3,98988272 -0,0545942
2,06473116 1,10672131 -7,5918298
0,85740658 1,41533977 -0,5343266
-6,2398287 -7,9127087 -4,2089372
-3,358682 4,5597878 -4,9845606
-7,415487 -8,4940511 3,2466368
-6,5590135 -9,0993156 -8,3323654
4,1735893 -5,7185283 -2,7669768
1,24350114 2,0872817 -4,9705878
1,04039645 2,37029119 -8,9620691
5,52971967 -5,284799 -7,1610052
-6,2041949 -8,2990428 3,23524307
0,81121523 1,0123412 -2,0585804
4,3836374 -5,411957 -9,1949021
-7,0139195 -8,944269 -9,6382297
3,9937983 -5,7921484 -3,5088799
4,29854239 -5,357061 -0,1160694
-6,8264038 -7,7170858 -9,8827201
1,23912222 2,32482011 -5,9177542
-6,6900602 -8,4496887 3,17580342
-3,6954181 4,3026087 -2,5787411
5,23368221 -5,2802628 -8,4342873
-6,3904908 -8,2175114 -5,34293
1,07325138 1,74671993 -0,7331851
2,01379922 1,10147798 -0,3580141
1,15788783 0,67851798 -9,1659694
-2,8841578 4,7513368 -6,3629909
-6,5739085 -8,7290234 -9,7643906
-2,6418348 4,40875067 1,45298928
1,29328529 1,37153871 -2,3753234
-2,5038541 3,89516891 -9,4669193
4,54965622 -6,3969247 -3,5336304
4,75734916 -6,0863459 4,95202395
-7,2131897 -9,0078327 1,69148129
0,52739201 1,23747179 -1,5623387
-6,6639947 -8,6025757 -2,5624604
-6,3168926 -8,3189941 -1,4634554
0,76404927 0,67576736 2,85212766
1,62940385 0,78473294 -9,0384213
0,61962039 1,74589773 4,82649992
1,36402099 1,17901 -3,529248
-6,3890231 -8,0586066 3,59783843
-5,808251 -8,3084476 -2,663494
0,79216802 1,67062206 -6,1804991
1,2793586 2,09475193 1,07963771
-3,609245 4,80337215 -5,1591544
1,56715218 2,35190878 -5,9686932
4,78293013 -5,5049748 -1,6915422
-3,4325785 4,00217271 -5,587325
-2,6634214 4,494503 0,47604478
1,57431207 0,76059032 4,1072147
-2,4705496 4,68048178 -4,9828243
0,57275043 2,07111416 -7,6141315
1,45378725 2,01349206 -1,5577758
-6,5268314 -9,4461012 3,30721349
3,82520259 -5,1359358 -5,5504077
-6,953641 -7,7038997 -8,9427844
1,2163523 1,28921998 -5,6624824
0,40555048 2,01112991 1,22869591
-2,3072236 4,68915488 0,59599369
4,4921172 -5,1794289 -0,5704502
-3,368846 4,48657826 1,05901152
1,73270117 1,79991937 -9,613222
-3,0745465 4,73109226 -0,651988
-2,8719941 4,29559792 4,05581214
-2,9944372 5,29390736 -7,9846263
-6,438931 -7,9639963 -6,8919905
-5,1427767 -0,5387475 -9,0945784
-3,4048229 4,88725093 -8,5716323
1,38822308 0,6299285 -8,706051
-3,1868739 4,67016695 -3,9510206
-2,4350699 4,42659149 4,00439814
1,07906214 1,96280651 0,99821311
-2,3686478 4,23604269 -5,6330304
1,81233686 1,13288936 -2,6725923
1,61456053 1,73892283 -8,3664285
-6,4823436 -9,3431279 -3,1534578
4,27965482 -5,6226055 -9,7709032
-7,5627653 -9,0318482 4,19866821
-3,7633747 4,76366982 1,91424334
-7,4279277 -8,1055715 -1,2931436
1,92812984 1,68544709 -8,3078515
4,76601449 -5,0163803 2,49421627
0,96475301 1,35741573 -6,6236153
-3,0772879 4,13666542 -1,1057256
-6,9432065 -8,327967 -1,9236795
1,51974876 1,88492851 -7,5088582
-1,9775551 4,44867654 4,2752137
-2,3835089 3,92067542 -1,331964
0,95063202 0,53761357 4,45814098
4,92353303 -5,0876923 -5,1206959
4,47463812 -5,1230406 4,03464866
-6,6675334 -8,050269 -4,2367521
1,44158832 0,89300614 -3,1846274
4,92878889 -6,0965369 -5,4693423
-5,9383693 -8,2837421 -5,5284169
4,05619199 -5,5799285 1,62356659
-5,989181 -8,9357105 -7,826795
-2,9727256 4,85438407 -7,2305404
4,44076241 -5,4955804 1,14741937
1,14280416 1,63251096 -2,6353625
3,60855968 -5,2678621 4,80073304
-3,3234223 4,17141871 -4,4569463
0,75663098 1,12711795 -8,6182118
1,84688923 1,68755106 3,46473236
-3,0959122 5,42089822 -0,6605636
1,86168914 1,93800589 -3,6871354
1,22812633 1,86683398 -8,3855009
-6,5203667 -8,9524056 -5,930166
0,35867364 1,16494055 -7,9140762
4,58838907 -5,591967 -9,9015411
-2,6259122 5,2220851 4,00666372
5,30200902 -5,7491942 -3,3141081
-1,8662007 5,06159856 -2,8614147
-3,0488006 4,2908142 -2,334235
-2,3251281 5,49239052 0,95765349
4,30817417 -6,3163331 0,0129619
-7,0511137 -9,3870205 -4,6844261
-2,8304146 4,36846889 2,08803076
4,87937024 -5,0913112 -6,2542304
5,37294961 -5,3086817 -0,9101885
1,80723746 1,56487445 -8,7311635
-2,1644694 5,22281469 1,61678517
-2,6570587 3,9482152 -6,4525619
-6,2683264 -7,9672193 -9,7541398
-5,7933847 -8,7544227 -1,1465987
-2,9811904 5,23289342 -1,516104
0,35974114 1,08165532 -5,8644562
4,2735124 -5,8137713 -5,894716
0,39052815 0,98046174 0,50627062
-2,2515771 4,98166675 4,85432132
-6,2429732 -8,2529391 -2,5367216
4,84052871 -5,9356005 -8,3981267
1,70522574 1,26189578 -8,263026
0,48192551 1,20992329 -3,0180816
-7,0594167 -8,7823172 -9,3476539
0,77069303 1,27447002 -9,2385361
4,35749564 -4,579851 -7,1441028
-3,0433963 4,98753554 0,99177166
0,49466073 1,65091334 -5,4797497
-2,0111714 4,12597942 2,35088865
-6,0810068 -8,5730232 -3,709046
3,93717872 -4,7241286 -4,0902136
-6,4039322 -9,300816 -9,6297696
1,57117493 2,21945031 4,16406188
-2,5909604 5,06327955 -5,0070705
1,45754143 1,52745152 -2,6482962
7,52477639 -2,4903401 3,15463086
-2,514392 5,06909589 -5,5333482
1,47464695 1,52630169 -2,3342044
-3,1862027 4,84033521 1,3346418
3,79575326 -5,7837085 0,40885951
-3,6665008 4,80886098 4,77135492
1,01641641 0,50527152 -6,9963936
5,23982589 -4,9797987 -4,9679736
-6,8990962 -8,1804503 -0,057044
0,78639186 0,64279177 -6,7756875
4,76327565 -4,8544062 -7,5062683
-2,6435524 5,44450001 0,18413317
-6,9543529 -8,5639216 -2,7295993
-6,7150946 -8,1411232 -4,1739723
1,81540232 1,77216765 2,62915733
-6,8516435 -8,212747 -5,6568568
-6,6991331 -8,2372152 -8,7571629
0,65618434 0,79267535 -8,1500563
-7,6535006 -8,5705374 4,85605794
-6,283041 -9,4709867 -6,5916597
1,55090519 1,19897502 -4,1352673
-6,5808376 -8,360088 -3,162389
0,29163022 1,74159114 -8,8566159
-4,1438368 2,5593061 0,70246641
5,12064925 -5,1287058 -4,9689708
4,10422562 -5,6875643 -7,6944649
-3,1463617 5,58254114 -9,0044121
4,65136424 -5,8999617 -9,6149989
-2,3522274 4,77938269 -6,3349626
-2,9758175 4,91229861 -2,1492417
1,12430704 2,03760744 -1,4478263
4,47216048 -5,7312799 -8,537314
1,02841653 1,61572324 -3,9186203
-7,1337963 -8,5237813 -5,0344522
-7,0949708 -8,803928 -6,8569529
1,78205399 1,19434787 -3,6721756
1,55592551 1,52852488 -5,7692369
4,2800596 -5,8382203 -5,3271315
1,85836893 1,57571775 2,72227724
-3,1467885 4,96014312 4,34086996
-5,9523334 -9,2942523 0,45921896
-6,71541 -9,2539388 -0,6112109
0,34046211 1,82507463 -5,9802568
4,33669137 -6,2914878 4,45142355
1,82006251 2,2320227 -7,5757003
4,69842196 -5,9714069 -8,5789331
4,36821829 -5,3133421 -6,5229136
0,27181374 1,40579098 -6,7912672
-3,3808231 5,28204403 -1,3514514
-7,3683674 -8,4259226 -0,8642181
1,14114276 1,61477622 -9,2912403
0,57946168 0,76743952 3,52918298
-2,6948506 5,5246083 2,74996327
0,81911598 2,17508017 -9,8360496
-7,4274782 -8,6206264 4,96249458
5,29962656 -5,717692 -5,2142896
0,23731395 1,47178455 4,82050988
0,60320627 1,73591679 1,46204981
1,76210264 0,76032456 -5,1816651
-6,3435671 -8,6839684 -5,6030444
-6,2129903 -9,3573133 -5,9188008
-7,3397297 -8,9586797 3,67232256
4,78723218 -5,9120041 -6,3215161
1,52009464 1,13717374 -7,2022781
-6,0592032 -8,3250748 0,2351845
-6,8609648 -9,057212 -2,7566801
4,36414646 -6,1655678 -6,9253881
4,52253915 -5,0215223 -4,22154
4,98506637 -5,2680954 1,12202961
-3,3786702 4,86174803 -4,57079
-1,8143479 4,69704376 0,18217525
-7,1068185 -8,6432528 -9,0551082
-3,0667761 4,71568079 1,83990784
-6,7355383 -7,9006575 -2,816829
-2,6447153 5,03738292 -0,0152279
4,57757338 -5,4007199 -7,2556793
3,93203042 -5,4076849 -4,4953431
4,10812425 -6,0584184 1,42684759
-6,1590741 -9,1820335 -8,7944856
-3,6693341 4,43307121 1,22092094
-6,500988 -9,5660102 1,8964721
-2,407909 4,69955069 -6,9079254
1,91857844 0,86330366 3,59098027
-6,4489424 -9,1239384 -0,4746798
1,46242256 1,18858582 -5,032801
5,28548253 -5,9116438 2,18707687
-3,4652466 4,4127215 -4,4669652
-5,9284276 -8,2263338 1,01274764
4,96619895 -4,8727422 2,76011648
4,61265785 -6,1963916 -7,2989918
4,53688698 -5,6579953 -2,6463243
-6,3354949 -8,8761517 2,89299057
0,59743113 1,50712597 4,86589426
-3,5489689 4,49048298 -8,1835723
-3,3329416 5,00666097 3,87454442
-1,9410243 4,7967502 2,17992127
-7,2793037 -8,710812 -7,2279621
1,67660584 1,5251481 -7,3287516
4,24027549 -5,8568849 -1,1311082
-3,3323461 3,9946212 2,47589157
-6,4336351 -9,4446052 -6,5051449
-2,5681143 4,76561541 -0,236442
-5,7831652 -8,3661291 -8,2000696
1,82510741 1,47395112 -3,4854368
4,17460553 -5,0397947 -1,3094954
-2,8649822 4,648386 3,07097681
-7,3194858 -8,7540509 2,10978574
-5,9519567 -8,6730008 -1,4889756
-7,2367842 -9,1367993 3,17088142
-6,4526758 -9,2132976 -9,5261364
-2,7750483 4,78792803 -9,8035914
-5,7487011 -8,6088313 -7,2743475
-2,8565163 3,97121691 -0,3846215
-6,6646115 -8,0020102 -9,0366467
4,41022831 -5,8611288 -7,0244137
0,5875154 2,01570161 -4,9201332
4,49776709 -6,0396619 -4,6439452
-6,4444567 -8,2063883 -4,701753
4,2772499 -5,4613357 -4,4810381
-6,1185781 -9,2139142 4,78544147
-1,8894927 4,34333185 -9,9155972
-7,0512516 -7,9730766 -0,7617774
1,9414497 1,0486767 0,98724327
-3,1801777 4,29693545 3,44666347
-2,7887129 4,71424979 -9,6798291
1,43629383 1,9078377 -0,0226842
-2,7610664 4,17137615 0,41628481
4,3173894 -4,6590567 0,31495667
4,95752064 -6,1536951 -0,3565477
-7,3114007 -8,744236 -7,0348325
-6,8155511 -7,9694207 -6,0429108
1,85778577 0,92728653 -9,3800917
-6,3846422 -8,055328 -2,3942075
-2,5374082 4,15719394 -2,2503027
-6,1027261 -8,7272535 3,1229152
-3,108288 3,99572868 -9,7714467
3,64994127 -5,3059217 4,79726552
0,60377425 1,99388916 0,79927809
4,11252586 -4,5280164 -0,0264425
1,5362172 1,86705373 -6,1795055
-6,9326063 -9,363963 -0,9913751
1,46955528 2,31582659 -5,4177503
-7,4886581 -9,2114777 -8,3456455
-2,969125 4,72378144 -7,6048488
-2,8582524 5,52558826 -6,7066898
-2,7708169 5,27563585 3,61794486
3,8595488 -5,7784853 -3,9666968
-6,9504256 -8,0487993 -2,4249675
-6,9578424 -8,4678069 4,4033925
4,11058199 -5,9722565 -2,5407493
-2,9569081 4,49850018 -2,907501
5,29482941 -4,9311665 -7,3700247
5,15385199 -6,0860546 -8,2891929
1,98316049 1,48294491 -4,4669028
3,69818749 -5,7428535 -6,6589775
7,83789157 -4,3361464 -9,6184292
-2,5058884 4,33633644 -3,7127362
-2,47511 3,83615082 -2,930229
-2,3363911 4,40965881 -9,993762
-6,6132811 -8,7130606 -9,0450757
0,66940316 2,06811683 -4,2227042
1,37153434 0,732699 -7,4248012
1,46987672 0,80028038 0,99940271
-7,3513452 -8,1420066 3,47216661
-7,0306109 -8,9294121 -2,0344101
-6,5105602 -9,4196227 -0,0559215
3,95020523 -5,0315136 0,36747124
-3,2632875 4,21473823 2,02034978
5,14231368 -5,0107614 -3,5599119
-1,917348 4,57184638 -7,2312035
5,16410889 -6,0186982 -0,9494046
1,404598 1,94541722 -6,4910051
-3,2997901 3,87898549 3,74283098
-2,2771732 4,7911362 -0,6839534
1,03310437 2,11577022 1,96683982
1,14290311 0,82580238 -1,1743777
4,98899473 -5,1525734 -4,2714521
1,63485461 0,96356742 2,05451631
1,17652673 1,2336788 -8,241979
-2,8208462 5,11409408 1,46320388
5,38742736 -5,7971857 -8,0574843
0,6386824 1,5995384 -6,7373547
-6,9964738 -7,8020437 -5,7037514
1,2642611 1,19003892 2,23349402
-2,6883669 5,51364243 -9,1531253
-2,3218531 4,922734 -3,6448676
-1,9716462 4,32853731 1,99859382
-3,6067114 4,6971769 1,62451225
-7,2965582 -8,1358085 4,89271726
1,67479896 1,51802314 -8,9431885
-6,4082786 -7,7084543 -1,5446591
4,51585555 -5,2145983 -8,6753221
1,49297082 0,88601559 -5,6293107
-6,5617222 -8,2844782 -0,9388965
-6,5746135 -8,8838299 -4,7373796
-6,7149002 -7,6875722 -0,2934478
-2,616366 3,95798372 -5,7646896
1,02919026 1,6056514 -5,3461582
-2,5424299 4,33272143 2,68245699
1,51385813 1,59164033 -9,2102697
-5,7749662 -8,9468587 2,61380976
0,37466439 1,14049683 3,60484258
4,58411898 -4,4704873 0,82184132
-2,7095508 4,17393589 -7,6096818
0,24779628 1,25431473 3,20349755
1,6102773 1,9295174 -7,817741
4,70024024 -5,0267308 -3,2744133
3,94835602 -4,7126444 -3,782327
5,02400579 -4,8403695 -0,5828957
-3,5701579 5,18187744 -0,3194878
1,84147319 1,70899293 -6,3019272
1,04698139 1,27016412 -2,1982659
-2,2213969 5,04732953 0,80755493
2,06285363 1,74618518 1,83597254
-2,9771825 5,21776223 -1,7171346
-2,6094057 5,07470875 3,37530437
-7,5020542 -8,1870533 0,42894176
-2,0942993 4,64235495 -5,4990843
0,84495707 0,89951331 2,49671391
3,82428412 -5,3920423 -2,654784
0,96486556 1,12294251 -0,2462649
-6,164946 -9,2367648 4,40684633
1,38974406 1,89283971 -5,4558283
-6,0995297 -9,2611604 -6,7259046
-7,5031133 -8,995004 0,91950704
-6,8434283 -8,2519174 -4,4370159
5,45164138 -5,5735276 3,79177978
0,79189038 2,25161157 -5,2131578
1,72554523 0,7921169 -6,3991588
-6,9500812 -8,3643693 -8,1387352
-7,2010981 -8,5345779 -7,4651129
-6,4743275 -8,7877784 -7,595388
0,45704288 0,84391013 0,89052052
-7,4185458 -8,7717855 -3,3421465
-2,2166633 4,55171946 1,91805729
4,71338475 -5,2216001 -9,2418113
-6,9748711 -4,9629785 -5,2851898
-7,507396 -8,1068064 0,81552465
-2,7657977 4,64890601 -5,2883969
-2,2321301 5,17725477 -6,3998437
-2,638729 3,86131349 -5,2517067
3,62878747 -5,075368 -5,9990405
0,31344036 1,2620401 -1,0887261
-2,9604625 4,28772275 -2,3251124
4,94126563 -6,3262381 -3,7911059
1,4877532 1,34361465 0,04592485
0,53649966 1,58659247 -5,3562423
4,7389349 -5,4010921 -6,9867105
4,09304342 -5,5583606 -3,9059354
-7,2379839 -8,0193305 -5,5045336
-2,4154898 4,36191656 0,27112937
-6,6559031 -8,8718541 -4,8757718
-3,6665024 4,2567713 -8,8773147
-6,4927834 -8,8855853 -3,9993591
-3,2844904 4,08819447 -8,7543393
-2,5085977 5,62267622 -6,0125664
-2,2936313 4,31800619 4,835018
4,16371151 -6,2514163 3,56264615
-2,2178142 -2,4644882 -1,1890286
4,95323838 -4,9430617 -0,5085918
1,06714852 2,20834315 -7,5122372
-2,451089 4,37193402 -6,2231538
4,84307613 -5,226824 -2,5562325
-6,9134023 -8,5702964 2,25252209
5,49120963 -5,7603636 -4,6885587
4,19569691 -5,1735798 -2,7448038
-2,4633605 3,96256232 0,16668455
-6,9372654 -8,601635 -5,6874904
1,10715203 2,03756009 -0,1744889
4,01114942 -5,0072079 -0,2214956
4,20096515 -4,5655887 -6,8547236
-6,4818678 -8,218493 0,65890448
-2,1022454 4,67566837 -6,0356413
-5,8817897 -8,8342113 -6,2828568
-6,3169966 -9,1234139 -5,4150803
4,82662751 -5,7403082 3,28595015
1,00905463 0,71009738 -5,1880155
0,34173845 1,02927478 -5,3112772
-7,2068345 -8,4256941 -8,8489895
-7,1801511 -9,337676 -4,3492582
-7,1576762 -8,7711691 -8,3301324
-3,1917015 4,72299989 0,5923305
1,18788276 1,07706379 -5,3494518
-3,1642957 4,97971389 -8,4355855
-2,6732337 3,88186465 0,15102886
-2,6997513 3,82133067 -9,1950088
-2,2520326 4,81503762 4,44665764
-6,8689495 -8,359444 3,15539741
4,31999389 -5,3773225 0,64199213
0,52243765 1,45026563 -4,2516929
4,55143143 -5,6556332 0,76016118
-2,4531771 4,24685267 -0,5600298
-3,4302973 4,04942607 -2,4520108
-2,9827535 3,84926082 4,05045006
5,4250078 -5,4179715 -7,368409
1,60167688 1,68628171 -7,6415422
-3,527475 4,33743657 4,81835202
4,91088543 -5,381127 2,43671391
-6,3477762 -8,0793411 -2,6118107
1,2284967 1,10622367 -5,2071587
0,79507984 2,04973445 -1,1517082
-2,7189421 5,4116947 -2,1010692
4,59275799 -5,9879232 0,95388947
4,81667218 -6,3600882 -7,4610024
-2,8351635 3,82522523 -6,7343274
1,7092489 2,22628503 0,98652469
-7,3642794 -8,6962741 -1,9419437
-6,6146105 -7,6942486 -2,9253858
-6,6584093 -9,4703499 -3,7024122
-2,6007881 4,52589795 2,23167237
-7,3705054 -9,0932183 -2,0507818
4,53301019 -4,4795073 -5,4912114
-3,1878039 5,17829304 3,74009378
-7,4651118 -8,0855966 -8,7770993
-7,5050718 -8,8422683 -2,947923
-2,2664331 4,63393992 -1,1472088
-3,066989 5,6039344 -7,4582268
2,06962994 1,33968682 -1,3557625
2,08620937 1,32713195 0,34180191
0,68327039 1,59219936 0,41272658
4,26567118 -4,6584412 4,50242063
0,38883802 1,86889128 -9,8148733
4,7529506 -5,6337065 2,81418787
-7,408085 -9,1282887 -9,8354394
0,93402837 2,38646148 -7,2498169
-5,926102 -7,9803709 -3,2944862
-7,2510632 -8,7647963 3,86057881
-6,4913146 -8,4769893 3,28510757
-3,528767 4,79073297 -6,7399625
5,16390229 -5,427165 -2,7491754
-2,9095497 4,05450932 2,35820671
-6,3522421 -8,1612952 -0,9192959
-7,3460148 -9,1362656 -9,6740406
5,32600751 -4,8010377 -0,5722023
-2,1636385 4,03355528 -0,4450793
-6,6584932 -7,8153871 -9,0065702
1,18793308 1,49072702 -2,3243784
1,2498681 0,73555753 -1,0254582
-6,6905949 -8,6540849 -9,5203839
0,70888032 0,99206756 -4,4803942
1,79080565 1,08376536 -1,285147
0,64213354 1,92963125 0,45166516
0,34842645 0,96074348 3,07618252
0,80129623 0,70925921 -4,9475207
-3,5120165 4,32778672 -5,4075433
-7,3960671 -8,0490616 -9,3797729
-2,892091 5,01566034 3,66475813
4,82698838 -5,0524016 3,92347424
-2,5553968 4,50223399 1,21374913
-7,5908137 -8,1998551 0,69164687
-7,0641062 -7,7562489 2,32715086
4,85833974 -4,6291852 -2,0836175
3,95880064 -5,2221105 -3,423096
4,42858513 -4,930756 -2,1286899
-6,4116031 -8,7596725 -1,5431572
-6,4399853 -7,7702832 -4,0410579
1,20573688 2,17894892 -7,585393
-2,8407732 4,84753343 -3,5282795
-2,0277655 5,29636574 1,10439558
-7,5432153 -8,9603795 -7,1681333
4,13318687 -6,0208328 -4,0830654
-6,5508207 -8,4160394 -6,4602722
1,56110748 0,60178006 -9,059344
-3,4319979 3,96646586 0,98018259
-7,4011755 -9,0457638 -4,0243608
0,64336744 1,64541798 -4,2810883
-6,2715736 -8,4372858 3,55745968
-3,1809494 5,62585136 -0,1920095
-2,1409643 5,18193802 3,34188726
4,46336897 -5,312846 -2,9014822
0,71083821 0,80799277 3,97189116
1,9660584 2,05132532 4,97577903
0,87584798 0,95666769 -1,8645189
-2,8465245 4,35651775 1,40197365
4,29567634 7,44243601 -6,3557113
-2,3973053 4,05020687 0,64149659
1,19723443 1,57050889 -4,0546914
-6,6320405 -8,9052428 4,33973654
-6,1018717 -9,2015025 -9,8101527
1,30105487 2,36937679 -4,2613959
-5,8458647 -8,193851 -9,6679226
1,58624781 0,98064878 -3,875523
-2,8838412 5,0775309 -5,089198
-6,4312336 -8,7642546 -5,5919233
1,85446292 1,55484098 -9,86069
-3,0002675 4,38730303 -3,0899783
3,89400283 -5,3899171 -9,4247875
-7,1184282 -8,7745595 -6,6649019
1,48641303 2,05174128 2,03680534
-2,0878455 5,24556432 3,51176696
-2,877218 4,7524045 -5,3135664
4,68091782 -4,6673021 -1,8273026
1,62377788 0,90114385 2,69549776
-6,3650439 -8,7568752 -3,0432297
-6,3465761 -9,4728413 -9,3790162
5,31110981 -4,8927926 -2,1051699
5,19340034 -5,3571583 -0,8993365
-6,3111296 -9,1743094 3,68395133
4,77824007 -5,455428 -3,3861454
1,71127058 0,67234661 2,79753845
4,08621147 -5,9420611 1,55343405
-2,8912985 4,78136878 -6,1770673
-7,0775853 -8,3223961 -8,2355073
-5,9835506 -8,0187922 -9,2992663
-5,9016898 -8,8045129 -6,8469072
1,25583465 1,49479596 2,45876824
3,54134481 1,16704115 4,4083911
-6,571508 -8,4905505 -0,9699765
-3,5279587 4,77725271 -0,9093481
5,49458057 -5,3927306 1,22266857
-7,5206301 -8,7720742 -4,6600838
-6,0346981 -9,0893682 -3,7755096
0,66992632 1,0558111 1,94927896
0,85996467 2,1789955 1,41354138
0,53734186 1,32407061 -6,0786245
-6,9220886 -8,0253508 -9,9168056
-3,2685504 3,88286047 -8,1090143
-2,7651976 5,11942981 -4,4128423
0,89093883 1,00027816 -1,644466
1,55512168 1,69877483 -5,095274
3,89829619 -5,7635702 -8,0322497
4,33425139 -5,5376619 -5,6348528
-2,9739606 5,51719109 3,45774427
-2,6538235 4,46187417 2,63418062
1,94779376 1,11730607 -9,9956062
-6,3643812 -8,9450073 3,84316385 