X Y Z
4,060731002 6,822704695 7,462254542
3,858285721 6,260090859 4,341782605
-2,93527878 -4,221291295 -6,961745597
5,388169499 6,747794087 3,754109535
-5,47232245 -7,4809251 -4,241254282
-4,502828464 -4,959635985 -6,186641895
-2,590457269 -4,696050584 -3,60799101
2,791209698 4,482738146 5,495069872
-4,186387126 -5,114807129 -2,791653598
2,876195156 6,344713891 6,875415923
-3,795263261 -7,268382471 -5,230741413
-3,025220997 -5,247281838 -4,643623349
5,426122567 2,486042519 5,389421598
4,459763368 4,501375768 4,021420412
3,570623765 5,250040295 7,251970672
-4,998565478 -7,821388387 -4,785230904
-3,798601042 -4,057299839 -3,120408354
4,567877257 3,159572135 5,896662932
4,300690425 5,526393249 5,10770654
-1,497566057 -4,379808425 -5,33367009
7,184434389 5,238570734 5,081629086
3,937004801 7,611765078 5,473069911
7,086311889 5,334072826 5,22987974
-5,321632102 -5,095422031 -4,632079115
5,470364312 6,933673501 6,297510791
-4,236324158 -5,643284717 -3,341581281
5,355921307 7,154683808 7,482056401
5,553865858 3,79353559 7,641476005
-3,020012828 -5,586959198 -3,308898902
4,999403943 2,926889103 6,021130522
-3,896238948 -5,385203454 -4,771016071
6,419636318 3,322266039 6,304370059
-5,219069582 -7,094870674 -4,889551905
4,73272304 5,772269573 4,986165568
-1,54851974 -5,680060029 -6,072630703
-5,150562916 -5,678494545 -6,760580759
3,2078182 3,994050519 4,22730865
4,816328174 4,447447392 5,271349558
-6,153000975 -4,506918546 -5,993627149
3,286086275 7,111948686 6,502481139
-5,373612285 -5,069555529 -4,604960739
-6,044754377 -3,612653386 -6,562557541
-2,830806924 -5,606821726 -6,848276274
-4,344245375 -4,407665171 -5,93462154
3,127242233 7,580361119 5,383133587
-5,864590391 -7,566572974 -5,785768374
-1,790049564 -4,829090891 -6,935206777
-5,285000678 -6,89344935 -7,598316185
3,268162715 7,057199547 6,369644736
-5,200096871 -6,665271404 -6,101734171
-3,957045505 -4,408838948 -5,415277375
3,111190394 6,521237276 4,099796125
7,077805482 4,658802439 3,84630107
6,1690421 4,727710543 7,356052212
4,707345841 4,365752001 7,513007374
6,793219647 5,856619674 7,081947778
-5,995533312 -6,10620331 -3,833355864
-6,21427224 -3,907617042 -7,486587222
4,087719344 5,337068358 5,823891613
-4,433759128 -3,772126738 -3,098716638
5,209156504 8,066127928 6,052372245
6,439337623 3,120938115 4,71856996
-6,326605579 -4,43767146 -5,422839908
-4,521903579 -4,756939068 -3,776489924
1,938172471 5,276915075 5,105233845
-3,782053771 -6,430631204 -4,735294631
3,477400761 6,689491979 3,586394782
4,462764143 6,318053326 8,137770853
-5,200022801 -4,221016091 -6,213181804
-5,564336552 -5,867695872 -4,239749906
6,599952224 5,479698853 5,913960719
-3,095095485 -3,38840691 -4,131395724
-3,755787948 -5,787135937 -5,079068928
2,066892413 5,924689213 4,696908566
4,025401077 5,541144492 3,534528562
-2,82506188 -4,805405167 -4,659580825
4,015259062 6,980464468 7,974553919
-4,399621763 -4,267151628 -5,303391894
4,899171947 7,855322597 6,535918227
3,801336256 3,164606606 4,096036394
5,688796538 5,982519776 4,210626385
-4,063287506 -6,135985792 -7,253663826
5,743218537 4,647929439 5,510837808
4,304768155 5,302142775 3,355098085
3,577615015 4,988032173 5,081906257
-6,295533364 -5,91635227 -3,667723186
-3,232443571 -5,884770723 -7,960199387
-2,986339343 -3,65639964 -7,268322087
4,656266306 6,51458828 4,729702558
-5,165189307 -5,133268292 -3,717110784
-3,443326522 -5,943332695 -6,526467498
2,91771677 7,197062251 6,635801192
-1,957168923 -4,747761175 -7,474408277
5,626726633 3,564928408 6,92353808
-3,989912241 -4,048949184 -6,421791097
-4,552608133 -6,189680096 -7,506216567
-4,580794041 -3,901774767 -3,403155928
-4,536424347 -2,495345792 -5,597946044
5,680802987 4,76323834 2,904712597
5,173990134 5,310409283 6,190569052
-4,18770211 -4,412956097 -3,821292574
-3,369200165 -5,498214152 -7,968048567
4,009790455 4,685492266 6,511128721
-4,078868117 -2,580164115 -4,37390974
-5,957088271 -7,726307903 -5,861567255
4,566146221 3,208613981 4,523149761
5,269744537 6,951407837 7,382697149
4,756772778 5,280885994 5,639395041
3,734559469 4,548140021 6,072831553
-6,664827929 -5,233276961 -6,699331098
2,819199961 4,515050738 5,430771385
5,747035891 5,153149645 3,941914867
6,97445948 3,777255222 6,4216442
-5,211529583 -4,995176161 -7,92728181
-3,750441609 -3,79666654 -3,50172979
-5,981345809 -4,088798562 -6,243105979
5,02511139 5,192636719 3,842013879
5,0483774 4,635585214 6,191698285
3,404966706 4,001260564 6,793658018
-6,929684008 -6,233659671 -5,758385296
-5,762601066 -4,70518481 -6,424732224
-2,448078401 -4,762874273 -4,272698658
4,973185618 3,360598308 7,449909163
-4,277316785 -7,59492123 -6,553683517
-5,214024902 -7,352837186 -6,188839198
4,261255081 7,055858195 4,107645998
-6,330461873 -5,743073245 -5,487683119
5,086169638 7,062144125 6,43270242
5,939465952 6,541919572 4,02229194
-3,931852465 -6,350981134 -7,977547684
-1,575931947 -5,36743 -4,781238812
-3,358566911 -5,658158562 -7,91258309
5,574879316 6,064908101 6,0078861
-4,442147454 -5,135671522 -4,493287701
2,485787274 4,894880317 7,077804968
7,060516651 6,845516115 6,068799616
3,024062272 5,871231858 7,216305919
-6,040634887 -5,414941076 -3,856925579
-1,624008012 -5,01678129 -5,004312184
-3,320245535 -4,351301666 -4,472051758
5,659604531 6,623993813 7,448198104
-4,527454621 -7,125465847 -6,661529363
-4,421306597 -4,675454433 -5,121122223
6,920910473 4,200461958 5,311114912
2,851025378 4,539435857 4,05493351
4,967989989 4,208694429 4,425224274
3,004012864 4,90633717 7,188229716
4,764772401 4,392078613 3,755020589
-4,747763047 -4,404243334 -4,840286503
5,857459078 5,401682202 6,780266059
-2,733359902 -6,628451264 -4,216259113
4,13276068 3,148947571 5,246743743
-3,150620826 -7,254836222 -6,931670398
-3,436725544 -5,751349159 -4,515846652
4,762226885 6,777923583 7,98341146
-5,082123768 -5,891753821 -3,918074005
-4,938150294 -3,829748131 -7,571891736
-4,666914728 -5,297579245 -8,320610436
3,643948993 5,768001134 4,13928873
-2,435345189 -7,410437347 -6,321429498
7,143943859 4,339743804 6,203979739
-7,028262434 -4,375958365 -6,168461393
-4,007581175 -3,268121655 -7,342820307
-4,634720103 -2,722218771 -5,042768253
-1,988260781 -3,79078291 -4,688488898
-3,259676328 -2,750333485 -5,239061981
5,643416894 3,534276113 5,662774201
3,809740696 6,195818406 7,153728778
5,087742751 4,363023945 7,931272519
-2,982499456 -3,381740852 -5,402316202
-3,281906554 -4,693179572 -7,980194529
5,774070572 7,648217835 7,09618469
-4,693459871 -6,595748347 -6,477278556
6,408953579 6,196456485 6,860612076
3,70346304 7,137119308 6,641603927
4,568443088 6,759320606 3,906136564
2,298035162 5,383248511 5,685566585
6,441779644 3,939622519 4,334080084
-2,819666729 -6,206693623 -7,042221536
3,274445006 5,099759775 7,914313289
3,950543873 7,842863514 4,878799769
3,264893374 6,322435912 4,367143753
2,296679801 6,894039377 5,719836282
5,52353801 4,175635601 6,97219275
-2,785789474 -6,404656375 -3,815636528
3,767678935 2,815157005 4,845473869
-3,986569053 -6,060436297 -4,213505956
-5,144130198 -6,802325269 -7,603868978
-3,622505227 -4,264849926 -6,06048459
-5,184478339 -3,574887249 -7,839296969
-6,053519878 -5,01774394 -5,939213566
4,488101172 4,89254542 6,120082675
3,851469364 2,580698981 5,796132605
4,332324465 7,312839774 4,409621044
4,096512235 3,525119486 7,669398499
-3,038898528 -5,231926312 -4,137759724
-3,46856875 -5,324051878 -3,003715074
-5,07450821 -7,049077365 -5,896560612
6,183523285 3,715672195 3,557688914
6,241123319 4,604465264 3,168389637
-3,681103798 -7,61522988 -4,574581129
-4,774222357 -6,109508663 -7,96699913
-3,268208638 -5,773087492 -3,866313919
-5,27670408 -4,295884853 -8,142108419
6,520122641 6,324997777 5,822818564
-1,98187883 -5,74738909 -4,301375388
-2,442007298 -5,268809086 -3,959478283
2,538215159 6,331094556 5,449160442
5,690654345 4,133471522 6,372758564
3,877628707 7,444233741 4,220475514
-4,208167164 -7,956934792 -5,05667345
-5,76776601 -6,015658299 -5,828073237
6,63579472 3,842991707 4,657419885
-6,360704348 -3,433905995 -6,045539325
3,590307073 3,884585314 7,274675744
-4,953101931 -7,312837133 -7,64281169
4,820939037 6,795612393 6,857557313
5,727445955 5,941715431 8,188016547
6,079000498 4,513480004 6,044273793
-1,665794817 -4,761359551 -6,067897334
-3,395317415 -4,039259633 -3,363829588
-3,723043374 -6,711320643 -3,551055176
4,603062006 3,294036847 6,514708874
-3,794641166 -3,896530936 -6,496354263
2,863952246 6,336731117 5,933555489
-3,991527981 -7,657806331 -6,218282339
-3,006100228 -4,178422382 -6,089796034
5,396271353 5,199678759 5,510703568
6,45714996 3,823179983 4,432074926
3,311688838 4,656622945 7,504459466
4,122942526 3,123905856 6,217661015
6,689525359 5,125009787 4,228876634
7,026922612 6,391134916 5,265326595
4,496988274 5,254848804 5,441819542
-3,811719271 -2,749829532 -6,634099894
-5,019641095 -8,014412801 -6,005977915
-3,900319924 -6,365686659 -5,059177813
4,231087799 6,449490897 3,438562946
-3,603178808 -3,54792894 -4,556794253
-5,649152679 -7,032182105 -5,449866471
6,411316794 5,700811445 3,579555882
4,923301518 5,284327997 6,392463841
4,958840879 7,05696257 4,685928384
-4,522652488 -3,611125522 -4,382035479
4,705653713 6,314578007 7,290235584
-2,249988574 -3,894846 -6,978506432
-4,862423769 -2,996376191 -4,078588113
5,030220372 3,035488267 4,767618054
5,495598921 6,486426541 7,368055959
-6,525187785 -3,820249607 -5,242977742
-6,255725871 -6,999404937 -4,540628942
6,199445753 5,17228574 5,461412988
-4,088051553 -4,590925444 -5,508457497
-4,042359721 -7,425284666 -3,747371662
-5,932652038 -2,904082596 -5,509302245
-6,484609995 -3,204911076 -5,596968164
-4,664744428 -6,449521528 -6,60568765
7,279807591 5,05324254 4,209863445
-6,016532527 -6,213127691 -5,71359219
-4,616258821 -5,277165794 -3,540717944
3,495642729 5,474354005 4,58101558
-5,2335807 -4,97737885 -5,592940316
4,648486731 8,043417931 6,706097343
3,167461511 4,708255882 5,874136205
4,274171045 6,717358111 7,323537703
-4,20618672 -7,823956782 -5,174697367
-4,206253473 -5,568113664 -6,53965607
-4,748553584 -2,535195747 -5,865141861
-5,124666498 -2,719957299 -5,065399749
-6,897570617 -6,432385185 -5,184626165
-4,660007248 -2,914352136 -4,133460547
5,568377693 4,209024374 3,448404389
5,353272043 4,310115226 4,89905086
5,226324585 5,153783866 3,755923324
-4,751774258 -6,661126351 -4,889933781
4,972667979 6,736084837 7,065155059
2,450900574 7,193180447 5,568963792
5,194176555 7,226918472 5,441092288
-6,030507447 -4,999193771 -6,619866729
-3,420978413 -2,638924352 -5,01581429
-3,365273621 -3,24920085 -5,769847654
7,068655306 5,881219596 6,119612757
2,505924258 3,712367727 5,450513047
-3,97943037 -3,150178716 -3,881174174
2,359476549 5,066020122 7,251370464
2,850860635 7,453308537 5,234863721
-1,834962805 -5,508320242 -4,707939235
-2,788652478 -7,574356258 -6,358248473
4,587810093 5,530363755 3,323919645
-5,021634939 -3,307379339 -6,05335234
-5,509880531 -5,267887424 -6,962186955
3,892718323 2,807404376 5,238878822
4,92000132 4,132811855 4,765689798
4,016202868 6,636684123 3,266974986
2,649784797 6,568998438 6,176947753
3,309922793 5,342363281 8,091855349
5,568809654 4,654871896 3,388157666
-5,87518043 -5,444782515 -7,451037452
3,991977503 4,00541272 3,36745606
-4,143303558 -2,900859399 -6,428546283
7,655924276 4,724702992 5,551849991
-5,587432238 -5,541832571 -3,729454125
5,319906621 3,716011548 3,781146492
-3,486725159 -4,871185459 -3,290428146
-4,49458776 -5,825508882 -3,400483026
-4,27710961 -3,080531335 -4,08478398
-5,305376991 -7,179918836 -3,76631016
-2,496620034 -4,21769574 -6,537077748
-6,678054852 -4,38129324 -4,721421798
5,493337948 6,889786201 3,971674203
2,387067865 5,746339607 5,394465451
-6,493825569 -6,803000773 -4,676072084
-4,679315284 -5,66532373 -6,813730236
2,326336509 6,950382516 6,033383693
-3,272053751 -6,557849448 -5,393280224
5,541596969 4,085002035 6,27789093
2,838123899 4,779813839 4,751280613
-4,531797595 -6,966979438 -4,636873814
-4,079398481 -4,218777728 -7,869607817
-2,129058665 -4,196358591 -6,416602501
5,533590366 4,562638794 6,103732565
3,743791319 4,360558773 3,963055939
6,008368069 4,825443773 4,919741419
4,254903058 5,147763449 3,544049227
-4,32920267 -6,704237247 -7,314118326
5,116978104 5,312497419 4,161516132
5,663129406 6,527604225 3,605914111
5,276352932 3,452955226 4,078073557
-4,72157552 -5,243495267 -8,627276247
-6,371007262 -6,37363584 -7,241428836
-3,998447609 -6,004148519 -8,293559197
-5,790660226 -7,557978662 -4,804724354
-4,479586486 -2,451355282 -5,96192209
-3,123148221 -7,639005289 -4,712883681
4,386496721 7,030268668 5,334471454
-5,169001317 -7,208339932 -6,448997732
4,699124621 4,429175581 3,7259728
-4,137282094 -3,84698439 -3,664188251
-2,717871173 -7,244849386 -6,12265551
6,064320527 5,256842913 6,285952586
-3,265416008 -5,026864774 -4,310229777
-5,104007782 -3,256236508 -7,174794532
3,645643763 4,12923814 6,717882224
5,005524031 6,265718341 3,404634028
5,71224961 5,174924726 6,453045726
-3,345453704 -5,920428145 -4,603266137
5,187785984 4,725200934 6,637575309
-3,705229001 -5,939157917 -5,315876574
-5,413605866 -7,650205354 -5,928413695
7,243228318 3,677718965 5,937615212
4,266256519 2,950674767 7,264653502
-4,810036958 -6,19717775 -3,150038594
5,033621204 4,153946969 3,532860016
3,303129955 6,760574694 4,259832995
6,254864239 3,031099089 5,199471312
6,772135818 6,103761482 4,589677492
4,186407087 4,122120454 7,331303005
7,06197415 6,9884805 5,386880428
2,302690422 4,033084252 5,681828629
-3,777434737 -5,677256209 -3,273666353
-2,703324272 -4,526491468 -6,267129669
5,65668587 5,377731824 6,791082228
-3,967393357 -5,492021472 -3,404054559
-2,614850585 -3,604657892 -5,188614538
7,072518817 5,811734191 6,414011664
5,803499373 6,364794169 3,978821921
4,422418757 6,818352527 5,819086953
-4,712329165 -5,984439748 -3,56756194
-6,789847774 -3,688536547 -6,055955173
6,118679242 4,629423147 6,905938981
4,041650906 4,115954136 3,124877785
-3,863972325 -6,133346439 -5,090682439
4,411021323 3,110783538 3,763784761
6,946603712 4,84655036 5,437075061
-2,567327173 -4,626509352 -7,602515961
-4,343422489 -3,887671832 -5,145733131
-5,474821651 -3,864436537 -4,40862767
3,849135904 5,942974307 4,634127608
5,113528602 4,850233849 6,729953767
-4,886229431 -5,468279009 -2,928452617
5,369851361 2,956930752 4,336981241
3,104714419 4,896303157 4,384266657
4,742573969 5,579627183 6,611912781
3,044991774 6,075492625 7,888693217
-6,335820017 -6,180760021 -6,666103162
-4,818236348 -4,84050851 -7,448968123
-2,743402614 -3,916456238 -4,272645767
-3,833789977 -4,342962561 -5,099166261
-5,642163827 -5,683000084 -4,602980423
-5,06913191 -3,125890975 -6,672584457
-4,740965846 -3,098879789 -6,541981093
-5,037671689 -6,837990351 -6,35967915
-7,002205002 -4,773162068 -6,243149226
4,166615872 5,940127298 6,280191302
7,181275539 5,367966276 5,378850077
4,841164043 5,537445133 6,360230651
-4,03699823 -2,733357285 -6,549651479
5,727141575 4,270785695 7,373840197
-3,280841494 -6,310982236 -5,518632115
-3,172279451 -4,919949886 -3,312230611
4,503793871 6,274338457 7,519192208
5,804372948 4,858847757 3,197369275
-5,082647522 -4,096527375 -5,006139925
-3,822665958 -5,68827739 -5,40765198
5,186275411 3,975707608 7,852527021
4,746214938 5,914379486 5,591672914
-2,864175304 -4,858571252 -7,671525269
-4,01477315 -6,222465802 -3,0477703
4,305155416 4,110887984 4,73860641
4,317749543 5,794629749 7,652801997
-5,651554259 -6,171175922 -3,399256786
2,148527655 4,785069426 4,278805633
2,685205832 4,203077028 4,0048377
-6,461473374 -5,53218851 -5,119951323
2,993191192 3,74403554 5,00958717
3,986778788 6,665872213 6,08164735
3,612490767 2,848197852 4,93220215
6,623710357 5,757738827 5,180998688
-3,526178508 -4,680746602 -7,259477589
4,727800049 5,668864257 7,9960818
3,558967613 5,890666447 2,992035395
-3,246953638 -3,787786238 -6,526062036
4,662097505 5,951307132 3,109459491
-6,770241924 -6,013647725 -7,099298756
-4,066583086 -5,049885568 -5,582576239
5,338864758 6,624543925 8,187892892
-5,05465762 -5,844302051 -3,132131431
-4,667309311 -4,322753386 -4,315268273
6,512240506 5,315130387 3,606001785
5,21664629 6,773737265 4,475875197
-3,886126246 -4,563017747 -4,450330177
-4,196153986 -5,198075483 -6,0875182
4,186768278 3,318540743 7,091664439
3,550699908 4,697569216 7,042250348
-3,51245274 -5,047547656 -3,468179041
3,96406938 5,210359822 4,79440273
-4,605755526 -5,748546185 -2,783722305
4,472675645 7,173305737 7,80375889
5,683044438 3,088380549 3,858119515
4,453644406 2,827115516 6,652737649
-3,144567644 -4,210363151 -7,954504915
-2,856314975 -5,808627453 -7,658548143
6,315667013 3,720560944 7,486433525
2,523974228 5,772413443 4,965527964
2,763399322 3,55589405 5,569566895
-6,370797862 -4,920306803 -6,421633269
-6,698020065 -6,267256204 -5,672290621
2,939596981 4,94586942 7,279867825
4,956218824 5,613748649 4,873644769
-4,521969869 -4,119799729 -7,165328125
-1,819979279 -4,544106839 -5,307673652
-5,979714575 -2,800489635 -5,554579654
4,213040053 5,747909042 5,734575607
-3,820864908 -5,00742945 -7,12213778
-4,403132658 -6,142720414 -4,243845822
6,602071576 7,135530005 6,080875582
4,836332146 8,177849641 5,707629148
-4,958080723 -5,417256637 -3,610517913
4,074501956 8,059109777 4,903902163
5,185736194 4,274370113 7,840561581
2,88880597 5,225737742 7,001902218
-5,695920222 -6,961238795 -7,481643139
-4,307215283 -5,447071059 -7,015641513
-5,390116981 -4,295349151 -6,003311545
5,113115293 7,428070727 7,13087215
7,517401921 6,0960918 5,255478192
3,322197891 3,008189036 5,217708412
-4,734988321 -2,691185408 -4,48949163
3,93221921 7,1178887 7,795830602
-5,258332528 -4,657438974 -2,933694621
4,187345715 4,994441628 2,858566657
4,298336776 4,996010503 6,457303586
2,535138495 6,400672423 5,847361223
5,541892067 7,587376831 6,434209073
2,871750187 5,748580175 4,685722288
-4,696508619 -2,921383648 -6,759603749
-5,620753368 -5,374139212 -3,84409523
-4,11053782 -7,413276231 -6,386505288
-4,505278417 -3,769028133 -4,715525707
4,347558688 7,522339992 5,893208013
6,065856989 6,547611812 7,335365788
4,366115937 5,658573066 8,099479775
5,285553557 5,577430052 3,855633402
-3,752334526 -3,289522034 -6,879510354
4,756341556 5,913261078 7,338584539
-2,283552929 -6,695999455 -5,620484102
-6,682384396 -6,207882779 -6,249958018
-5,531513006 -4,470679247 -7,555035395
4,020052451 6,872874258 4,078221922
-3,463250286 -2,73809439 -6,763406844
-5,178503915 -3,591934875 -7,264498372
-5,951889506 -6,361583843 -5,198432969
-4,370418768 -3,953732803 -4,501934438
6,125750973 4,958987694 6,86626009
-2,539106242 -4,22267857 -5,82502466
5,163218081 2,667957583 5,800490268
4,466788409 5,000592011 6,329173902
-1,819971049 -6,144612525 -5,59486978
6,151562944 4,592018298 6,828595485
-3,01784691 -3,281135206 -5,147019212
5,884390854 4,105684928 3,893761188
6,337277505 2,927756683 5,511112282
4,448150607 2,913192863 4,75290484
6,42185846 4,587277079 4,751058862
-3,284677393 -5,713513897 -3,484223871
2,871453971 5,444885169 3,506546314
2,086759824 6,395071437 5,480106566
6,129367935 5,028947025 3,058707987
-1,934589669 -4,317769271 -4,257892161
-5,789848992 -5,103650003 -3,467736991
-2,808886009 -4,54394343 -3,981699814
-5,147742869 -3,19064852 -5,082978101
4,02988154 5,688195945 6,260162815
4,200131646 3,720146091 5,701222679
-6,044277739 -6,538618011 -7,063631691
-4,211162382 -2,851066368 -4,297595903
-3,950194643 -3,061607292 -4,656142579
4,265854315 5,045951266 7,793069582
2,378963143 6,4447984 6,838124552
-5,166422701 -3,446349509 -7,093760027
-4,412238559 -6,884523643 -6,976811926
3,995377393 3,270538276 6,341263523
5,035201475 5,171705611 5,361283211
-3,481731819 -3,600986661 -7,108172462
5,667080767 4,258183138 8,078662376
-5,048736374 -4,654340769 -6,111409957
-6,868945292 -5,709115472 -6,171623227
-2,747711822 -5,773513656 -8,115827885
-4,040923151 -4,962050953 -6,931908958
-2,299241889 -4,15413232 -6,185696932
7,260212082 5,530390787 7,114555944
2,274887049 4,277888264 4,706251412
-5,443702152 -6,726704396 -3,437886608
4,721218545 4,794164861 6,696573048
-4,013171375 -4,370919968 -5,392723743
-2,488941429 -3,673710158 -5,316280178
-3,13268513 -5,138730445 -5,354897498
-2,292370534 -3,540810166 -6,214262743
5,53255071 7,082869639 5,756659857
2,649544987 6,586800954 5,692156119
-5,568719059 -4,048964185 -5,775501652
-3,214433935 -3,951446839 -7,620016034
-6,617536903 -6,192072807 -4,766749717
3,245609006 5,546592394 4,911686519
4,923937163 7,240861279 4,530371615
-2,423100371 -6,416928649 -6,133755877
3,542745632 4,789851307 3,214210701
4,976701053 4,39233641 8,187326657
3,548478827 4,591325437 6,039935834
-2,341792158 -3,45988425 -5,587867536
4,566696076 4,277192956 3,66926909
4,456637562 5,508620464 6,995784252
-2,680144209 -6,187036679 -7,347019108
-3,69075516 -7,858365939 -6,028146964
-4,960180439 -6,147147663 -4,381404143
-2,77395801 -7,374598041 -6,528760103
2,937572158 5,035225795 5,330122119
-1,935281483 -3,610494757 -5,983960507
2,759316976 4,833583798 4,383615954
2,295862095 6,653721472 5,294346222
-3,920253785 -4,876069424 -7,715346258
3,574043405 4,108204353 5,762856335
-2,630913452 -6,628211223 -5,824234952
-5,940676979 -2,71123122 -5,46982121
6,908443634 5,023884563 3,682559919
4,972980977 6,100617013 3,208470956
-2,438902117 -6,158065205 -6,437311509
-3,152067703 -5,476698668 -5,347623235
-4,196675431 -2,94654022 -6,173724446
6,996915022 4,946004725 4,022845085
-4,708170587 -6,238014232 -7,493607596
-5,240612038 -4,047282108 -5,307448598
-2,829558174 -6,556973631 -7,254884047
-2,419118939 -6,777183831 -6,202327596
2,668660312 6,77026427 4,095929325
6,230294921 5,968501859 4,108473242
-3,20090644 -3,055515277 -5,950344456
-4,571664012 -6,325689065 -4,936509235
3,386179538 5,01018139 4,787298556
5,48403758 5,534901639 7,598146307
-5,372129803 -3,917502196 -4,157618826
-3,834467867 -4,351222399 -7,630750637
-4,337574043 -5,206603303 -5,717338681
2,39060469 6,003386936 5,333102895
-6,270108952 -6,493812298 -6,40565917
3,318666288 7,467746826 4,218936419
6,246372966 5,42242112 5,138934261
3,632370856 4,528860116 4,996820983
-4,620372915 -6,068685505 -5,892143723
-6,765657909 -4,839888329 -7,420314294
5,971957676 6,357658463 5,635592859
4,742250432 5,757304075 5,966807579
5,979806045 7,40969465 5,827379137
-5,544436954 -5,891482165 -7,456845864
4,380429721 5,772881431 5,600003153
3,818235117 6,771933718 3,582282497
-4,163574645 -7,888016872 -5,240520682
-3,043862413 -3,219874048 -7,424101654
4,60126969 6,699410456 6,626674578
-4,538783645 -5,140361917 -2,770035952
-5,765899709 -5,815046372 -4,9639501
-4,919519194 -4,018029949 -6,594887664
-4,463553468 -5,909080277 -4,621802469
5,419791548 4,683360349 5,988032981
-5,316809222 -6,88107675 -6,804803891
5,387377034 6,003662055 7,839009932
1,878437582 5,378042548 5,611332514
3,477615297 7,439867887 4,801517362
5,59309164 3,804312096 3,740275463
2,253925859 4,101938805 5,365546869
-3,89384034 -7,172974091 -7,024584237
-5,940120023 -5,827320734 -7,554980735
5,527446842 4,81278549 5,672984818
4,929130045 4,284157725 5,776585764
-5,26145436 -2,854990912 -4,755943354
4,197608255 6,284597676 5,575066535
-4,835174798 -6,790256289 -8,189541319
-2,508876571 -4,267449982 -3,735534506
6,528978755 4,112514472 6,236965388
-4,125455603 -5,851800905 -7,237228121
6,596201727 4,835210192 6,644905494
3,495029374 4,600297385 6,439840945
4,121028895 3,332811581 5,18390278
5,462187092 7,474126575 4,662534952
-5,222022121 -6,477490071 -7,381623225
4,925916311 7,171658119 4,833162297
5,928484726 5,860453135 6,616465563
-3,143049455 -3,248709012 -4,093256424
6,228093285 4,607924048 7,343232007
5,691200557 5,719183564 3,635943748
5,574958063 3,806319051 4,25497601
-5,740913953 -5,464762979 -4,894463763
2,559283541 4,697501432 6,067525909
5,862561309 2,856375545 4,508029685
6,058738968 2,830723426 6,528558704
5,983147114 4,845090468 6,785461911
4,998486774 6,660567787 3,878570261
4,607143932 2,791920441 5,259487397
-4,850413716 -2,523045665 -5,665851088
-7,033680248 -6,089328096 -5,709251654
4,971314061 5,374345265 8,125506626
-2,266900927 -6,98764563 -5,373667218
-2,083447718 -6,151905604 -5,008062155
6,61366503 7,014384718 4,687101117
-3,44541629 -3,154935247 -6,09555425
-3,327160004 -4,665013182 -5,570769935
6,083068918 3,486987482 6,021307439
-6,289000105 -4,86717352 -4,380397956
4,488815367 5,863988578 5,366132568
4,642596236 3,453815322 7,425871164
-2,262921825 -7,10854811 -6,246501738
4,553016377 6,631092723 6,056478371
5,259364416 4,930893847 5,176881373
5,863326189 4,773521785 7,275259971
6,860003141 6,27818817 5,210266348
-3,348388308 -3,619108418 -4,926083266
-4,967415471 -3,481250611 -6,294564018
2,853825146 3,084834595 4,975379036
5,20222766 3,490680769 6,132901386
4,384170122 6,133779977 5,005633741
6,006647734 6,348185113 3,787344122
-2,110109209 -4,965912093 -6,813734606
5,37239409 3,719735354 4,185441692
-6,280227591 -6,132926328 -4,438341243
-4,63072194 -6,587923413 -3,376719438
4,529088084 5,679979675 7,827203135
-2,211385961 -7,057162635 -6,552559098
6,41538558 4,759384517 6,80922855
-4,41064143 -7,152959884 -4,65552963
-4,963647378 -6,019464173 -4,9712483
3,952675719 3,240870218 3,742808582
6,63576142 6,44158788 6,018842402
-4,489450347 -4,66977885 -3,744334087
3,290713364 3,222688291 4,999861214
-3,536525771 -6,392377623 -4,476013264
-4,204450026 -7,771647781 -6,960706852
-4,90878576 -4,615779775 -5,474313805
3,614135856 5,483882804 6,692362157
-4,531693167 -7,696040099 -4,363956686
-2,067738786 -4,99971777 -4,463968992
-4,29887512 -3,727317221 -3,599531126
-2,707362868 -6,207392701 -7,875435333
-3,125547482 -7,35181932 -6,242493897
4,348687789 3,056834489 6,105222232
5,589642297 7,791983379 5,617732194
4,712286744 7,237858641 3,900019995
4,651071431 6,769544539 6,657092218
-6,201588779 -5,559616582 -5,439544049
-6,054740808 -3,82272878 -6,35759737
2,647574216 4,531753839 6,306678791
-2,987018614 -6,590637571 -3,435302731
-2,579217121 -6,802581403 -4,479529017
-6,358189534 -3,3017709 -5,546309907
4,054286359 6,775351835 6,988384859
6,714883225 6,989873651 6,018284545
4,678042837 7,930786167 6,405659914
-4,121630969 -5,653775143 -4,063793196
6,240372676 4,961091845 3,359816924
-3,912477798 -3,420300654 -7,194784163
-4,210105047 -6,666236143 -7,614062549
-4,240922736 -5,17399886 -8,659394561
6,574284237 4,825740334 6,991259995
-4,570650023 -4,699159377 -3,957091198
5,036257398 5,770896873 7,565197169
-4,228078325 -6,814471607 -5,886223353
-3,965488318 -7,557093373 -7,534487088
-2,427352667 -5,906410853 -6,259464994
-4,478306376 -6,749795432 -5,53366553
-4,182576186 -5,107692965 -4,490430992
6,077323222 3,965973364 6,159943399
4,223623106 7,979281169 4,808757578
-6,023860928 -6,398535354 -7,094781378
-6,903570673 -6,058949192 -5,565920846
6,329188472 5,87273295 3,292831501
4,622577451 7,736522344 4,279733092
-2,927779827 -6,040821223 -3,466669213
2,453598039 5,381112247 4,051558368
4,231451321 5,821218959 4,61794234
6,210281999 4,433274489 6,258265214
2,181506395 4,448320277 6,335728849
4,728354949 2,786066823 7,081692211
-4,862212681 -2,479953228 -6,219319792
-6,589275286 -5,311132725 -4,081162446
-4,526168629 -5,951158113 -4,449090282
-5,381461853 -6,50602561 -7,059110954
4,929247434 5,631926797 3,379884074
5,295040104 4,905791689 3,405447381
3,960534127 5,05524193 6,619816012
5,317941567 5,322860744 3,002971234
-4,590796349 -4,190811543 -4,489473402
5,389387631 5,898444677 7,318465981
2,985415873 5,709162729 4,146523014
4,053687677 6,489496575 4,373553868
-5,603492041 -5,370162918 -7,677519854
3,522149055 3,904556927 6,707757409
5,305943563 5,188526497 6,614825845
3,692108932 6,373967017 4,721502655
-2,114089613 -5,342863928 -4,473029722
5,476957081 5,044799658 5,370022514
4,735901179 3,133634507 6,117943324
-4,267994147 -4,10190211 -3,910540407
-5,283988045 -2,816486559 -5,716398986
3,890300859 4,104325197 6,713368352
3,14282536 7,549673555 5,8012813
5,35155921 4,765716089 8,510257688
-5,325969547 -4,415175686 -8,25458347
-5,293983965 -5,223805115 -8,447713545
5,582304966 7,299576881 3,871652775
6,64937286 5,51119064 6,365434747
2,784924636 5,44650912 5,169694609
-4,49124404 -2,834721289 -6,199263733
-5,781166775 -3,959726559 -7,295825648
-5,151632824 -3,195318456 -7,633036819
5,449219012 6,83818208 3,442091405
6,615278486 6,501430463 4,069049943
-4,125335154 -4,803204987 -5,365842043
-3,788229618 -4,977924501 -5,951055433
3,956352988 4,28097171 4,296992816
-6,681559209 -5,008668558 -4,521688516
3,355735541 5,226334902 3,84190149
5,937368025 6,820839426 7,74790851
2,679298935 4,026505359 4,217299182
3,091678037 4,955915811 3,210349946
-4,026452849 -7,460997585 -6,257491645
-3,534512316 -4,621641114 -6,314959253
4,66096465 6,209579205 5,929483749
3,466843793 5,588678156 7,063973925
6,743397024 4,113477351 6,302518522
3,003327076 6,187605552 7,242799658
3,864282724 5,389364487 7,748667182
5,647330286 4,189155959 5,292919209
4,516650277 4,244921588 5,043899275
6,122349116 3,797233209 6,496190103
6,023804637 4,015610981 3,246198491
-4,624753522 -4,030575575 -3,890994069
-6,542878424 -4,014878494 -6,803917454
5,102514289 4,674924445 8,167923361
-5,21256273 -4,531563941 -3,466579126
3,117917688 3,477772263 7,189387067
-7,220383896 -5,733730399 -5,532760904
4,497005927 7,387290136 4,498366351
6,077093106 6,591678855 6,397204653
-4,456828939 -2,836210237 -5,743499746
-5,589928306 -6,946460949 -6,959858721
-2,816309589 -5,734299736 -5,458480817
-2,684667859 -6,584453711 -4,3303794
-4,093288254 -2,688773002 -6,269586901
5,978770703 3,608467013 5,087015846
5,484409913 5,525693754 8,303421003
-2,91194525 -6,206987699 -5,494854666
-2,815246859 -4,003326653 -3,516622626
-6,573496679 -5,354145924 -7,551747823
-3,541189715 -6,056548317 -8,275879535
-2,465978387 -6,164901529 -5,613391374
-3,875723021 -4,78095353 -5,26922909
6,90460711 6,233453261 4,92161737
4,062133856 4,222958658 8,138312164
6,555278592 5,247816667 3,971368523
3,316805457 4,97991855 7,133828889
-3,721867734 -6,342200624 -4,279785078
-3,550753384 -3,934705456 -4,287670342
4,90507345 6,533205415 8,026432528
5,673172547 6,025466227 5,833678405
4,493169564 4,320469078 7,390301964
-4,312478 -5,822062036 -3,138104145
-5,360807034 -5,684692905 -5,347859367
4,239464684 4,430526922 8,364436606
4,248775062 7,097898601 7,566480852
-3,597688837 -4,397787758 -7,132616963
6,773498165 7,287086044 4,714347464
4,963651217 4,428304934 2,821293583
-3,910798619 -5,648443758 -4,698793865
-4,306982238 -3,920065463 -4,917972803
6,007527492 5,894231795 5,541707171
-6,807814874 -5,839295082 -6,573973257
-4,359713774 -6,80800034 -7,919132459
3,988299487 7,265271446 5,504321293
3,66512491 7,31012746 5,931660426
3,748446958 4,471459466 4,797962191
-5,306671429 -3,412735858 -3,567728504
-3,654498255 -7,162693697 -3,560777452
2,581595436 6,643501961 4,353531812
-5,685783483 -6,973620907 -5,098347537
-3,432700365 -7,647732816 -4,856192576
3,4136558 3,714988609 6,940447791
-2,57014976 -4,781393615 -4,436239065
-4,856837154 -6,15619266 -6,798340137
5,685581523 4,830028762 6,670837664
3,76177891 5,07719566 2,923782552
-4,160137558 -6,594943699 -3,125278155
3,09052158 7,266808374 6,673361703
-2,8001367 -3,350785206 -5,524978994
-6,956135039 -5,173313116 -4,956156036
4,375381041 6,602279564 3,752862745
-6,659108765 -6,457865291 -5,805098983
-3,804959612 -4,652354692 -2,843049981
5,584590948 5,19706556 7,567082874
-6,085951423 -7,281565738 -5,660534893
-2,698941849 -4,344301725 -6,888523626
5,006700832 7,132399052 4,526777835
5,939479292 4,572107283 7,894242719
-5,110308172 -6,0160785 -4,9221491
6,697752227 4,517695373 4,513255083
7,180134412 5,95230323 4,559537848
-3,700362526 -7,6433074 -4,208597531
2,547714572 3,539899806 5,482677637
-5,156799707 -5,176954711 -6,052789272
2,601988075 5,546888138 3,982317684
2,140475241 6,195371611 6,591120099
-4,252850116 -6,247150184 -3,423048641
-6,195620708 -3,481153663 -4,156407535
-2,772098479 -3,585971107 -4,542300312
3,941555304 5,577248511 4,62485958
-4,961658818 -5,742284394 -3,202052822
7,481129826 4,16128395 5,570686746
6,300717915 5,021837746 6,417893629
-6,318284527 -5,744041626 -5,90554073
3,856818688 5,123486538 6,294687192
-5,134196816 -3,418370814 -7,947504994
5,956230113 5,970045653 7,0535623
4,269765345 5,933419678 3,758784847
2,662622369 4,835598419 5,100835867
6,274281741 3,98235947 4,050797826
5,500226303 5,582714879 4,635675629
-5,923301237 -5,405492342 -5,76203008
-5,243199026 -6,679986116 -3,794123158
5,515093937 3,533440175 5,25633959
3,284738449 5,02144463 5,69731163
-3,605257598 -6,244596729 -4,268357084
-4,743311574 -3,386162424 -6,536788543
3,248159445 5,792470513 7,300669613
-3,932949249 -6,897377255 -5,809952659
5,873031634 4,283408599 4,318614987
-4,770416884 -4,754155514 -6,21653194
-3,791963303 -7,306420727 -6,544585491
-4,229717259 -4,388225179 -5,178923338
-3,929437305 -3,323574776 -4,254397869
3,344486428 3,21864842 5,056106508
5,539696685 5,65811501 5,814831762
4,609604312 4,899825257 3,622231307
4,323033535 6,961892924 7,821468002
-2,633286178 -3,446148828 -4,290263046
-2,091488393 -4,106695172 -6,47901732
3,780868767 5,112093299 4,30563538
2,88155905 5,6356972 7,752775558
7,005209822 3,471989268 5,461071126
-5,230790574 -5,164274332 -7,003992184
-4,135919179 -6,919142245 -7,982641347
5,684428694 6,967582592 6,546288906 