600
185
912
979
565
916
734
1091
1310
1268
699
978
1023
565
871
288
217
512
464
1165
846
312
526
215
233
759
837
813
929
1366
105
273
1285
516
1143
1414
1188
193
270
551
812
1364
721
1307
16
63
335
149
1256
336
296
1163
80
465
436
602
1142
392
374
177
1377
20
154
1246
981
636
176
1347
706
217
1045
1185
1069
732
919
530
289
233
643
877
1257
1033
853
33
766
576
970
628
51
1001
912
111
661
365
552
36
870
947
305
1258
967
1203
419
424
1177
1228
647
773
1164
582
1422
937
297
654
213
953
982
607
1355
308
54
1277
35
249
1107
64
59
908
1245
939
526
568
189
169
952
1218
923
594
598
778
539
1024
591
1033
110
1166
606
1352
389
290
1002
824
1256
834
844
163
560
531
369
916
1352
165
817
1429
490
700
193
1263
1405
255
795
1290
506
533
1079
1226
701
1247
563
510
1170
905
2
1423
436
501
1325
479
571
485
709
79
1114
323
1332
922
16
476
1215
84
443
791
377
366
863
794
245
1072
1013
356
1145
698
1349
975
34
280
405
260
97
1375
1329
1085
1291
476
1434
1086
1150
316
283
633
774
191
687
915
294
89
673
193
29
1140
1306
252
1394
1173
145
1187
823
1183
214
376
1250
1437
125
1133
1248
281
757
241
596
136
1208
145
788
42
1136
311
1143
571
663
1325
875
999
582
562
1317
748
110
357
611
973
206
1165
268
1060
357
1109
1207
1407
1075
769
427
510
184
1367
543
424
641
176
690
134
1152
947
643
904
1336
516
293
395
39
228
978
278
387
1356
181
623
1407
22
937
536
1052
1166
916
896
1130
456
130
433
1361
53
1023
829
1336
305
938
1068
34
33
640
1092
629
1420
479
61
1144
1149
555
1138
41
320
871
738
1272
449
180
643
1424
1014
1235
1183
443
437
927
1407
728
780
1399
1028
699
1135
1029
666
1264
1195
1105
257
400
1359
35
1072
700
404
1039
214
673
136
61
1369
1078
1187
789
1430
1241
1136
364
1120
858
448
528
1127
846
1143
1131
411
1161
673
646
443
33
1009
773
837
1261
447
532
1397
571
469
422
333
58
1323
640
311
1382
1026
344
348
61
1252
434
951
1250
332
753
790
1135
588
172
106
832
286
1203
300
296
1183
678
1083
577
613
387
66
586
627
1198
508
1384
831
1083
556
297
550
11
79
1176
840
557
1151
399
630
239
741
303
362
1153
519
560
397
484
835
1365
1245
242
729
1364
806
1168
1196
1240
455
856
1077
601
303
642
186
445
103
988
1247
859
826
985
288
399
1298
723
1387
687
819
695
351
1331
1383
1385
353
170
560
1343
37
869
394
1416
1111
957
706
1111
513
1132
1094
668
927
96
1047
1340
527
602
500
43
1321
875
973
500
879
552
999
626
168
268
126
255
958
780
887
282
375
486
1249
639
1030
1155
220
142
1251
710
1170
948
238
729
1189
1175
1170
835
368
1405
1047
830
149
495
586
917
623
678
888
465
661
18
904
328
1075
1045
506
82
1350
603
522
275
1308
1351
755
818
