414
120
467
868
947
506
40
664
111
931
440
65
500
750
97
475
755
719
72
506
902
249
751
45
873
46
599
659
404
109
211
73
631
372
272
780
176
826
232
279
223
140
685
57
767
493
202
573
882
749
280
697
486
611
95
268
527
18
870
58
285
153
574
30
150
928
11
620
678
432
663
716
353
530
483
998
25
879
601
305
420
337
804
680
46
293
271
519
66
676
324
747
496
851
111
236
410
595
820
993
250
538
146
68
396
972
936
100
264
528
501
816
973
255
746
628
375
23
280
983
430
589
898
635
893
462
345
966
616
929
422
168
459
269
287
384
745
285
704
642
828
248
34
868
410
123
374
38
612
177
187
463
297
745
645
706
209
566
710
104
582
399
267
469
368
199
991
51
463
48
43
992
36
360
748
316
627
868
770
999
508
945
205
781
243
124
901
869
761
964
34
932
322
57
436
190
208
811
657
50
9
182
453
793
358
620
750
683
194
240
392
593
591
41
472
32
423
357
249
223
677
97
819
327
342
803
673
667
246
266
35
694
928
648
477
718
352
956
428
232
275
658
305
412
885
145
531
243
234
57
939
226
927
354
647
943
81
922
426
909
647
837
294
124
335
266
170
598
727
884
695
21
793
131
284
444
121
275
65
799
612
241
335
561
415
108
350
507
414
238
709
980
773
174
223
818
304
103
599
796
130
84
610
190
650
846
298
732
718
1000
977
677
400
931
808
714
457
546
579
561
977
250
152
700
575
300
794
155
253
786
999
545
362
361
922
447
34
731
852
649
238
340
28
932
53
522
2
214
186
305
998
157
597
725
154
274
182
304
572
96
326
698
401
382
579
34
781
799
797
371
813
130
954
24
91
120
933
680
119
957
986
250
159
844
881
957
358
370
259
464
137
397
452
109
784
445
902
328
148
985
856
122
560
796
521
743
661
560
307
974
113
653
13
773
94
