X Y
-1,468500944 -1,521614401
2,935225242 -0,958648304
0,411291404 -4,780551974
-3,28803826 -0,913015484
-2,287572973 -1,554719747
-0,315711019 -2,387375566
0,526732698 0,895961385
0,865927188 -0,174458225
2,782953882 -0,785727762
-1,550879228 0,491886615
1,550831221 -3,376516504
3,521880469 -0,484304316
2,011765008 -0,066861128
1,707270376 -0,710043523
2,966717093 -0,99509817
1,34149859 0,016637408
-3,269546897 -0,60930376
1,18534131 -2,491503464
1,645501374 -3,078487126
-2,459677164 -2,057620684
-1,290774282 0,341482818
1,191280656 -1,903345292
0,427111771 -4,114686914
1,040850025 0,001732533
1,993593221 0,101694053
2,600054953 0,441147222
0,803475878 -1,529787963
2,160276205 0,835521588
-1,71457976 -1,825302374
1,443665218 -0,649458567
0,654332676 -3,869542976
-1,353388941 0,428535966
-1,534500198 -1,525491505
-2,44078905 -1,876429146
-0,542517532 -1,959996634
-1,187829391 -0,127316139
1,988197447 0,204486737
-0,319126957 -0,381444789
2,280346913 0,89879704
1,510810891 -4,204243615
1,449179219 -4,791730759
0,562243325 -2,594847148
3,121520898 -1,840907711
-0,311034904 1,721658329
0,329667895 -3,28740332
0,013922609 -4,210212439
-2,46058618 -1,01511529
0,425173587 -3,157314748
-0,662832437 1,804887144
-1,479958267 -1,509245135
1,886704051 -0,163293463
3,179036769 -1,313485394
0,998980203 -3,634626771
1,737289369 -4,236353055
1,784856263 -1,74676508
0,619061544 -2,550462783
-1,796482579 -1,935804486
-0,344183778 1,733002766
1,180984253 -2,555592804
0,43611425 -2,539749402
-0,898728169 -1,108370372
-0,058817664 -3,971472658
2,12690946 -2,389780072
-2,045380353 -1,26063067
2,642743297 -0,193222275
0,176510083 -3,465446313
2,238776901 -1,167231585
-2,833878134 -0,429991319
-2,127549322 -1,34998674
6,360862563 1,030577581
-0,128884796 -0,45613863
-0,152974586 1,655867075
-2,931501185 -2,488806654
-1,832923991 -1,979004932
-3,286591178 -0,851580946
-1,747190687 1,631426277
1,321124325 -4,069863349
-0,534571965 -2,590632787
5,493394718 -2,170987152
0,608703027 -2,593260926
-0,966877947 -0,508546462
2,076291491 -2,913473824
2,143505838 -2,869082469
1,99779261 0,054297053
-0,799899865 -1,088592436
-0,230580564 -0,401517682
0,354619647 -3,26063067
-2,965323278 0,432633624
-1,540700929 -1,534164365
-2,458817664 -1,971472658
1,81467558 -0,789567159
-1,806077926 -0,599845537
-2,611254682 -3,031917975
3,166536244 -1,28838818
-1,983293346 -1,143410786
-1,246203941 -1,880635559
1,109225718 -1,658517182
-2,860043286 -0,76223016
0,014977123 -3,726076788
1,539122821 -1,846402589
6,180519896 -0,507233051
0,450977171 1,088149324
1,409454043 -3,220872972
-3,012963022 0,333474667
-1,122362021 -0,579409069
0,323547316 -3,113289148
-1,025177816 -1,165648483
1,376347467 -3,17180614
1,341649169 -4,088369378
-0,065491834 -0,582502473
-1,800341759 -0,59869068
1,383154009 -1,40175128
2,603105462 -0,199395024
1,729667895 -0,88740332
0,503457035 0,968217461
1,392262437 -2,526729849
-2,45850141 -0,383362592
-1,214060362 0,123933792
-1,976384913 -1,152304574
2,398980203 -1,234626771
0,139122821 -4,246402589
-0,140461659 -2,376023541
1,394091517 -3,202007941
0,393076359 0,181726939
3,613954543 -4,064904622
2,28000161 -2,73630052
2,851345925 -0,867042551
0,34250183 -3,273641452
2,085220156 0,73120222
-2,203363038 -2,238176461
-1,528557609 -1,518048189
2,931821761 -1,813934202
1,851246701 -4,105229138
-3,040976531 -2,23879981
1,754619647 -0,86063067
3,201847558 -1,363932805
1,425775382 -4,154198911
0,144102783 -3,509026357
-0,833282907 -1,39509817
-0,660385926 -1,638737346
4,955356614 -2,918490179
1,451345925 -3,267042551
-0,981392007 -1,231333841
1,253422771 -2,589367149
0,348580238 1,251517143
6,303699343 0,138995541
3,051603083 -1,845856385
2,999459716 -0,044339687
-0,93617052 -1,280428178
-1,781159739 -0,560436139
1,711294761 -0,085196877
1,500376546 -2,480522074
-0,576344774 -2,168969028
-2,664459326 -0,920482187
1,392942391 -1,376553436
-0,00302471 -2,391896982
-2,346566978 -1,651064559
-1,485434262 -4,104644889
3,637290876 -0,387834435
3,531719896 -4,113749846
-2,873668592 -0,744970851
1,354875588 -2,543929996
-0,52717696 -2,64089453
-0,736093554 -1,52026385
-0,931615696 -2,181394122
1,857482468 -3,959996634
2,900376546 -0,080522074
2,140524326 -1,339460756
2,737543556 -0,152006049
-3,109768825 -2,049226843
-1,208719344 0,096654708
-0,104918257 -0,480229612
3,197053282 -4,292819511
-2,0052363 -1,215903589
1,868647015 -1,679207136
1,600100135 -3,088592436
0,26657641 0,075834182
3,406360687 0,024651475
1,209262698 -2,600046312
3,251246701 -1,705229138
3,169182596 -0,645628116
1,208631315 -2,043305962
-1,302295316 0,361241148
-0,528624198 -2,543255897
3,214146386 -1,782218937
1,413922609 -1,810212439
-1,762064002 -1,891721558
-1,594304577 -1,626200565
0,927494651 -1,502356901
1,440692333 -3,121067496
-1,131423518 1,80537993
1,998141424 0,427130007
-2,644345763 -0,377439964
-1,812275127 -0,168514076
-2,100244673 -2,198957571
-3,213337069 -1,667669176
-0,066733896 -0,566505789
-0,700248019 1,809289689
1,454129183 -3,117986313
2,334264291 -2,598843368
1,687779517 -0,075863589
-1,217476852 -0,573248649
-1,792711863 -0,43033
0,556964081 0,569829029
1,82244017 -0,775079292
1,353157579 -1,500803486
6,062074717 -0,923476095
-2,299643478 1,282219097
3,069213821 -0,672834227
0,52071338 0,402660461
-0,403699165 -4,607338865
2,86382948 -0,880428178
2,623634964 -1,568321119
-2,513405835 -0,377703966
1,210338784 -2,07146127
3,710980885 -0,284064464
0,384856263 -4,14676508
2,957822746 -0,697303333
-1,979204247 -1,147683876
1,20899723 -2,260876789
-1,72983494 -1,847377183
-1,134947869 -0,584745703
6,360614611 0,91777143
1,339322398 -1,593999014
1,9 -3
0,396799653 -3,13224253
-0,190532817 -2,959945159
-2,425756537 -1,826838904
1,843940881 -3,888658082
-1,916265068 -3,786642997
-2,344884697 -2,233583687
4,684285604 -3,215349142
0,302103824 -3,317192307
0,118706596 -3,069845606
0,278661137 -4,209237325
3,249490193 -1,512857315
6,341715106 1,484275431
-3,262528957 -0,549701859
-0,861996308 -1,10122137
2,311797476 0,899566824
-2,207187621 -1,444540219
-0,909211616 -1,309461915
2,60899723 0,139123211
2,30921639 -1,102019948
1,992431619 0,37079522
0,68542024 -3,825302374
2,121880469 -2,884304316
0,551307717 0,526273888
2,839608914 -0,854404796
6,205664533 -0,401220548
-0,633463756 -1,68838818
2,799088924 -0,733964295
-1,19668056 -0,334143479
2,741649169 -1,688369378
1,779758329 -4,214898705
1,200054953 -1,958852778
-0,868178239 -2,213934202
3,095313045 -1,166435109
-1,779008851 -1,913834715
-2,91447134 0,52889857
-3,057250937 0,231530124
-1,005207739 -4,372353475
2,608631315 0,356694038
-2,593416047 -0,37507181
-1,189627209 -0,235138963
-2,98877674 -2,364280796
2,188750353 0,860055037
-1,519653087 0,49879704
2,220650352 -2,804653028
0,548162191 -4,000083396
1,234994871 -0,57206528
-2,681849077 0,883073227
2,015499573 -0,099175088
-0,556059119 -1,888658082
1,046004077 -0,46132456
-2,836082666 -2,67336215
-2,766154507 -2,794614118
3,431834406 0,023468642
1,212170609 -2,127316139
2,801266131 -0,811104839
-1,990898032 -1,197703704
2,587680934 -1,524842379
0,599658241 -2,59869068
0,91457074 -3,504981399
-0,880030196 -1,341509084
-0,776112576 1,815805637
0,40245066 -3,206473942
-0,460043286 -2,76223016
0,342267359 -4,174988633
0,080012595 -2,409484933
-2,034419036 -1,122609727
-3,257522799 -1,413616467
1,971518537 -0,197462295
2,318535048 -2,666709954
-1,809723785 -0,248081207
1,183732359 -2,506570978
-2,185925124 1,372307762
0,555158018 0,752832536
0,637840002 -1,784410025
-0,851269711 -0,462061616
0,33996031 0,129424765
2,583732359 -0,106570978
0,87282304 -0,24089453
0,920041733 -3,509245135
6,349541022 1,370551844
2,854780721 -0,099242492
0,864683428 -1,503894117
-2,408119483 -1,033354871
-2,407057609 -1,776553436
-2,442901433 -2,131048571
3,192166968 -1,805217013
0,406050493 -4,131180687
-1,812663133 -0,600001662
-1,250438922 0,252482443
0,871442391 -3,518048189
0,161191573 -2,43180871
1,085654182 -1,620120058
2,030238344 0,590120818
5,146348464 -2,681165696
1,519969804 -3,341509084
2,581016318 -0,145046214
-2,162931407 -2,226202619
0,589061015 -2,222058076
-1,676437754 -3,974065929
2,002491865 0,010162551
2,591546237 -0,039845269
3,353858551 0,024519139
-0,738013121 1,812932771
3,377812857 -0,566071782
-0,070669354 -0,632370945
-2,336781129 1,250366483
0,591801483 -2,273517857
-3,282256598 -1,161580968
1,765961094 -0,848363706
-1,582802263 1,69779425
-0,089019115 -0,684064464
2,721124325 -1,669863349
1,993922074 -0,199845537
1,191546237 -2,439845269
-0,814530948 1,817897831
-0,142839547 -0,445128727
1,377636312 -3,149948128
1,046611059 -1,571464034
0,61878828 -2,539343503
1,678661137 -1,809237325
0,600104534 -2,368203081
2,013751565 -0,083558666
0,480751419 0,309252001
2,241944887 -2,43484899
2,310980885 -2,684064464
-0,517298333 -2,513878163
0,144678569 1,46525006
-1,596524122 0,470212037
3,221196966 -0,628998143
0,307270376 -3,110043523
2,586504119 -0,186356549
-2,687958807 -0,906348885
1,52100109 -1,846497211
1,853905885 -0,148018094
-1,19100277 -0,260876789
1,855445845 -4,086839274
1,468727971 -3,114872281
3,705022909 -0,093244786
-0,826834657 -2,22967223
-2,108394921 1,427773152
-1,157673786 -1,989595468
3,702020507 -0,301478941
-0,666253336 -0,406191832
-3,223799745 -0,315754637
3,045501374 -0,678487126
0,666189222 -4,804208554
-0,853252544 1,819199204
6,317654716 0,248844081
2,298688707 -1,10004126
-3,245269936 -0,431797855
-0,47760679 -2,461908374
0,910405523 -0,073957988
-0,647719905 -2,230488695
-1,791296973 -0,593260926
2,540378013 0,676097735
0,051896043 0,00269927
-0,009016303 -4,18841282
1,613238069 -4,240367381
1,223634964 -3,968321119
1,763578317 -1,761384989
2,642326214 -1,589595468
1,374243463 -1,426838904
-2,313359072 -2,242690043
1,387974029 -3,193557932
2,50717177 -1,414323451
3,12530808 -1,214294525
5,847767912 3,518917722
1,158118892 -1,771928541
2,218473961 0,878919911
0,571518537 -2,597462295
3,244663269 0,014763701
3,257482468 -1,559996634
0,937565896 -3,529676063
1,752280095 -4,230488695
0,609592862 -2,449108257
-2,386077391 -2,210212439
-1,786248435 -0,483558666
1,609085352 -1,024265808
-0,842177254 -1,097303333
-3,237888359 -1,540483597
0,92567092 -3,514796031
2,184076637 -2,837509705
-0,509469492 -2,499979239
0,882710957 -3,506951319
1,979876604 -0,199194377
-2,713287058 0,841619733
-1,262320288 -1,85845359
-3,015511074 -2,3016471
-0,987728107 -0,517729799
-0,11999839 -0,73630052
-2,375251596 -0,397159915
1,032739396 -1,557828778
-1,187646869 -0,154865756
0,380318512 0,167895478
2,812271893 -0,117729799
2,011309546 0,510341987
-3,265512213 -1,350360777
-2,057732641 -2,174988633
0,37740619 -2,513157124
-1,427222894 -1,587485212
2,028067316 -2,940781619
2,000104534 0,031796919
1,33941382 -0,61511529
2,791816172 -0,737558552
2,006360687 -2,375348525
-1,884290607 -0,576489147
-1,909742168 1,550216838
1,821196966 -3,028998143
2,465842354 -1,349875815
2,343909992 -1,138952431
6,178784238 2,509605294
-0,678479102 -2,240907711
1,552624909 -4,222420715
0,604903664 -2,41056039
-3,198226743 -0,201721005
1,006386151 -0,429404904
2,948730289 -0,062061616
0,044906265 1,5410096
2,549561078 0,652482443
3,223655226 -1,768969028
1,926974381 -2,376765469
0,486704051 -2,563293463
-0,894865344 -1,325110816
-1,972888229 -2,114686914
-2,887885384 0,575913632
1,417897527 -0,641668447
2,169419436 -2,401517682
1,184330141 -0,547298379
-1,269416954 0,298847498
0,593922074 -2,599845537
1,507367009 -0,016461446
-2,02259381 -0,513157124
-0,245698363 -4,653153184
1,19598274 -1,930967044
-2,640337772 -0,934138525
0,170628362 0,029855564
1,092799509 -3,792531009
3,548636744 0,004773021
1,140378013 -1,723902265
3,203640488 -1,79431327
3,152280095 -1,830488695
2,485654182 0,779879942
0,103371558 0,010782505
-0,800540284 -0,444339687
2,777636312 -0,749948128
1,286594165 0,022296034
-2,774234823 0,756245445
-0,516958972 1,779907536
2,331499056 -1,121614401
-0,116231939 -0,467849509
-2,255897217 -1,509026357
3,695081743 -0,080229612
2,252802319 -1,144036017
6,354147148 0,693149933
0,365269643 1,228687672
1,477212031 -2,489880353
-2,023531568 -1,23682996
1,566717093 -3,39509817
2,612353131 0,245134244
-2,04385248 -0,503905645
-2,816856269 -0,420855592
2,446611059 0,828535966
-1,804394028 -0,322386322
-0,073660163 -0,535726899
-2,174742729 -1,404650738
2,331345399 -4,624927004
1,849490193 -3,912857315
-0,147238083 -0,770808212
1,991801483 0,126482143
-1,219015747 -0,555592804
-2,02956965 -3,68764578
-3,277871295 -1,224320314
3,589197519 -0,008641157
-0,527696176 -0,381668875
-2,419027154 -2,175736106
-1,547197681 -1,544036017
-3,168664492 -0,089840481
0,070500428 -4,238794933
1,067202137 -0,476743625
1,497035234 -1,17825619
1,652202543 -0,699295006
-1,952007479 -2,097342001
0,365580964 -3,122609727
1,63879404 -0,057543626
1,534447953 -0,023919118
-2,190914648 -1,424265808
-0,630817404 -1,045628116
-1,094313605 -0,566805613
-2,849707561 -0,439895868
2,164515884 -1,299071367
1,994989953 0,398996153
3,365469032 -4,206558464
2,293430193 -1,101031043
2,01878828 -0,139343503
2,214667391 -1,21001009
3,452471615 -0,527371265
2,023281707 0,564038982
-0,693719915 -0,412910061
1,779036769 -3,713485394
-1,218529153 -0,564992916
-1,814462777 -1,957553438
-2,002160211 -0,522256652
-1,037577616 -2,106117092
-2,076452684 -1,113289148
1,518706596 -0,669845606
-3,280297941 -0,729708869
0,213422588 -2,448675513
0,613751565 -2,483558666
3,259883301 -1,582809382
-3,035534544 0,282843574
1,576510083 -1,065446313
2,700890481 -1,650664229
-1,973478751 -3,737565015
0,365961094 -3,248363706
0,89332524 -0,292767157
-2,461446337 -2,01590616
1,787633265 -0,728921432
3,106280085 -0,012910061
-0,069459122 -0,550899039
1,980344804 -2,375002864
0,796214051 -3,643263742
1,342867378 -1,677310789
-1,226679177 0,177151771
0,867911466 -0,158650853
0,602491865 -2,389837449
1,185939638 -1,876066208
1,967076009 -1,579004932
2,350568498 -1,149410615
2,633003353 -0,196262379
1,426785702 -1,819272457
0,865428035 -0,190632787
0,964969236 -3,573720083
2,87699816 -0,894567253
3,143568658 -0,653161678
2,607333157 0,11400326
1,193264876 -2,595017056
0,61806973 -2,527082636
-0,532088534 -2,558650853
-2,864298085 -0,450544171
2,497704684 0,761241148
-0,008119483 -3,033354871
2,016724331 -0,176949193
1,454780721 -2,499242492
-0,6091758 -1,738686845
-1,781923409 -0,569263532
-0,343304912 -0,378561317
0,425163651 1,135561586
1,313123893 -0,605175945
0,451059865 0,258057228
-2,732797863 -0,876743625
-2,373214298 -2,219272457
-0,720945704 -0,420133159
0,501684805 -2,570180386
2,074538906 0,709876603
0,103490528 -4,245259297
-1,456090008 -1,538952431
2,207913616 -2,416583074
-1,005908483 -1,202007941
3,112112609 -4,333482535
-2,097896176 -1,317192307
-2,212463793 -0,440078709
1,716180369 -0,901920138
2,901271831 -0,708370372
1,46382948 -3,280428178
5,591524062 4,062480027
3,3 -0,6
1,097704684 -1,638758852
-3,254432405 -0,490526759
-0,113096386 -2,994686535
2,10430002 -2,385184609
-1,625662433 0,448479825
-2,356334782 -1,049458567
0,630238344 -1,809879182
0,489726397 0,327155003
-1,194589111 -1,946711376
0,32585819 0,117635075
2,164259811 -2,853473763
-0,785735421 -4,469845819
1,453433022 -1,251064559
-2,029680131 1,479537897
1,977812857 -2,966071782
1,380972846 -1,775736106
-1,47432908 -1,514796031
2,282710957 -1,106951319
-2,691201014 -2,914200596
1,261454778 -4,010459479
1,062112672 0,007602507
-0,481508749 1,771879018
1,721520898 -4,240907711
1,926155168 -2,989235794
1,940881787 -0,187149075
5,875296157 -1,423995603
5,696564184 -1,806398408
-1,012025971 -1,193557932
2,332536305 -2,615481918
-0,065735709 -0,598843368
1,988098217 0,28656701
1,439608914 -3,254404796
-1,253518344 1,786714278
6,094328099 -0,820646834
4,54223763 -3,35508696
1,041262539 -3,708960113
-1,913295949 -0,563293463
-0,04873642 -4,114077353
-1,647186573 -1,71899386
3,255445845 -1,686839274
0,595605972 -2,322386322
2,271115204 -2,45613863
-0,81718843 -1,414374259
1,663906446 -3,52026385
0,598141424 -1,972869993
1,073101534 -1,602656833
0,237068593 -4,226202619
1,480012595 -0,009484933
-1,738013715 -3,928590724
-1,279807473 0,320664192
-2,932088534 -0,558650853
-1,806406779 -0,298305947
6,22947249 2,282166309
2,381030323 -1,202260157
-0,948654075 -1,267042551
-3,135231522 0,019748873
2,108256033 0,770704067
1,364007433 -1,747012368
-0,287958807 -2,906348885
-1,233958817 0,202936673
3,68000161 -0,33630052
6,347950202 0,581404597
-1,000911076 -1,133964295
2,343113278 0,894186566
1,7947637 -0,815903589
4,170035985 -3,678132219
-0,922787969 -0,489880353
1,379067521 -3,178487829
1,909104614 -1,64082581
0,484527121 1,016347043
1,77740619 -0,113157124
-1,795425482 -0,596505229
-1,706216177 1,649405506
-2,900961072 -2,550648273
0,611765008 -2,466861128
-1,216704829 -4,264265886
-0,292684607 -2,383207617
1,375448792 -3,15475841
2,014739133 -0,183501567
2,326339837 -2,535726899
0,243687403 -4,757330629
-0,07932514 -0,521032787
-2,292783471 -3,426280581
-2,729304086 -2,854628272
1,201063999 -2,357058238
-2,909469492 -0,499979239
1,80245066 -0,806473942
0,740524326 -3,739460756
-1,576846275 -1,594749647
0,397839789 -2,522256652
1,374822184 -3,165648483
2,054953061 0,664393966
-2,989553485 0,383409268
-1,294471005 1,778739614
1,948162191 -1,600083396
2,479022523 -1,371023143
-3,117101858 0,073642752
-0,278119531 -0,884304316
-1,193637835 -0,015100826
2,099452091 -2,899110254
0,587680297 -2,141130105
3,1908242 -1,338686845
1,679054296 -2,420133159
-0,598152442 -1,763932805
-0,786761931 -2,240367381
0,868882398 -0,223898088
1,079022523 -3,771023143
3,047842184 -1,097921185
2,566041183 0,602936673
-0,662710631 -2,236353055
2,665052131 -0,184745703
1,699755327 -1,798957571
2,522134519 -1,436323527
0,913991991 -0,327610486
-0,604915302 -1,037577867
-0,534072812 -2,574458225
-1,198936001 -0,357058238
2,303936549 -1,100371285
3,000100135 -0,688592436
-1,007737563 -0,526729849
-0,971553039 -1,124160564
3,025582474 -0,035899462
-2,238808427 -0,43180871
2,3135623 -2,506858653
-0,193416047 -2,37507181
3,052134164 -0,027813093
1,596636962 -1,838176461
3,245954121 -1,722685896
1,361236773 -4,799448656
1,173320823 -1,822848229
5,800623862 3,628867157
1,718319523 -3,060194314
-1,989929309 1,504027787
0,538868552 0,847939913
0,039964704 -3,675896906
1,233003353 -2,596262379
2,611509325 0,300510108
2,868727971 -0,714872281
6,124832982 -0,716976631
0,320975355 -4,187527713
0,034623341 0,001199976
-1,175811086 -0,598441398
1,816915941 -2,389507731
3,667014038 -0,353615899
1,531821761 -4,213934202
1,989061015 0,177941924
2,009592862 -0,049108257
-0,06058618 -3,01511529
-1,783043649 -0,513688839
0,157804496 -4,244978558
-1,566296878 0,486152123
-0,610866349 -0,394449283
-1,797508135 -0,389837449
-2,296509472 -2,245259297
1,39697529 0,008103018
-1,550132953 -4,062115866
-0,990545957 -1,220872972
-2,550122376 1,040451445
0,367204206 0,154562604
3,118319523 -0,660194314
-1,138545222 -2,010459479
3,299765145 0,021163861
2,530583046 0,698847498
-0,585853614 -2,182218937
1,796799653 -0,73224253
-0,183525251 1,67018738
2,594200123 -4,542713299
6,205167359 2,395965354
0,616972414 -1,862579638
-0,393613849 -2,829404904
0,615499573 -2,499175088
-1,691743967 0,370704067
-1,665146798 1,666458395
0,043665218 -3,049458567
1,803640488 -4,19431327
-0,379437704 -2,404976143
2,001903113 0,455118159
-2,567155957 -0,375139888
3,607913616 -0,016583074
-2,446842421 -1,900803486
1,535225242 -3,358648304
-1,869346274 1,571914959
-1,780938456 -0,550462783
0,579876604 -2,599194377
0,176993682 -4,24223258
1,829870093 -3,839321579
3,730540878 -0,150899039
0,252202543 -3,099295006
0,51965346 0,920033122
3,221413553 -1,41431282
-0,246240293 1,697113509
-2,832484426 0,667648128
-2,136403335 -0,46662587
-1,87122523 -0,5821635
1,185887583 -4,810081256
2,978540517 -0,693105601
-0,445175759 -2,779344718
-2,960773342 -2,426675728
1,149561078 -1,747517557
1,107315393 0,016792383
-1,859118213 -0,587149075
0,592431619 -2,02920478
-1,931352985 -2,079207136
1,752736433 -0,719528228
1,827111771 -1,714686914
-0,915545138 -1,11168135
1,357098567 -1,731048571
-1,975433862 -1,168664028
6,355335169 1,257003597
-1,80220739 -0,345702947
-2,619169771 -0,37583459
3,229870093 -1,439321579
-1,535316572 0,496105883
2,32067486 -2,521032787
-1,419725607 -4,146146529
-1,66664611 0,405617355
-0,473025619 -0,376765469
-0,635253526 -4,528687612
-1,988656606 -1,139442285
3,254011726 -1,536658149
0,89606657 -1,500048137
1,470500428 -1,838794933
1,210372791 -2,235138963
2,019061544 -0,150462783
-0,219169771 -2,37583459
1,10717177 -3,814323451
1,155654237 0,022560036
-0,268873709 -2,379896104
3,732536305 -0,215481918
1,821413553 -3,81431282
-2,319987405 -0,409484933
1,990446217 0,342605328
-1,496063451 -1,500371285
1,489647005 -4,19338394
2,233703122 0,886152123
0,989056586 -1,525251123
0,55207245 0,776452922
-0,992373184 -1,130563468
-0,646623511 -1,663453368
1,806050493 -1,731180687
-2,829113565 -0,796272218
0,603517421 -3,935804486
-0,752157816 -1,497921185
1,209467183 -0,559945159
-2,281293404 -1,069845606
2,587215201 -0,075343523
6,052447304 2,961813969
1,401266131 -3,211104839
0,495818108 -4,789940723
-2,934072812 -0,574458225
1,576993682 -1,84223258
3,063906446 -1,12026385
-1,014184391 -1,141391189
1,777220887 -0,725725671
4,246307331 -3,616582014
-1,769761656 0,190120818
-1,147123615 -4,301438046
-0,875768627 -0,471229012
0,017319466 0,000300039
0,134447953 -2,423919118
1,212353131 -2,154865756
1,573165343 -4,22967223
-0,139166261 -2,983648214
-1,783275669 -0,576949193
-2,190989169 -3,533082603
0,352736433 -3,119528228
0,420795753 -3,147683876
-0,093538024 1,625585169
-0,533585518 -2,607128373
-0,545988274 -1,936658149
2,584186457 -0,180366349
2,596302074 -0,000315556
3,273734804 -0,610214325
-2,526356115 -3,147562938
2,096467007 0,751498295
2,114163566 -1,38173673
-1,462434104 -1,529676063
3,569419436 -0,001517682
3,258543209 -1,66756895
-1,229530963 -1,902791196
4,396164435 -3,488867918
2,056695088 -2,378561317
1,224188914 -2,598441398
-2,480949405 1,113965578
-1,974515337 -1,162754913
-1,828481463 -0,597462295
3,641944887 -0,03484899
0,026785702 -4,219272457
-1,561223099 -1,567231585
-0,5 -1
2,473101534 0,797343167
0,612078708 -2,588933254
-2,372872342 -1,700920083
-1,188582763 -0,208846729
-1,220046124 0,150791979
0,950568498 -3,549410615
-0,422187143 -0,966071782
2,807626816 -0,730563468
-2,347549465 -0,403036365
-2,189218779 -1,090890604
2,794091517 -0,802007941
0,594989953 -2,001003847
3,718535048 -0,266709954
0,419133148 -3,182035961
0,024748404 -2,397159915
-1,501311293 -1,50004126
0,560958065 0,636989426
-1,725461094 0,309876603
0,438415309 1,111912211
1,809101968 -0,797703704
1,305686395 -2,566805613
-1,045124412 -0,543929996
0,42244017 -3,175079292
-0,05850141 -2,383362592
2,018076591 -0,169263532
0,219501416 0,05028163
0,587724873 -2,168514076
-3,149311296 -1,922234375
0,263596665 -2,46662587
0,554429979 0,547920251
-0,042901433 -4,131048571
1,399088924 -3,133964295
3,281515964 -4,250510017
1,003923499 -1,534687153
1,060076485 -1,586421811
-1,216267641 -0,506570978
0,241256386 -3,385719262
-0,197106576 -0,821224125
3,216915941 0,010492269
-1,699911453 -1,803396447
0,00197728 -4,199916017
-2,034038906 -1,248363706
-1,793711074 0,082881756
1,291183098 -2,573410593
-0,971322531 -1,242505971
2,601063999 0,042941762
3,50430002 0,014815391
2,334508166 -2,582502473
4,753725567 -3,143283377
-1,807568381 -0,02920478
2,612090084 0,217933833
-2,142988811 -1,367492168
0,708256033 -1,629295933
1,280987988 -4,030839661
5,743598549 -1,712405235
6,028092802 -1,025435037
1,890391418 -4,728835116
1,631629714 -3,476126685
0,871375802 -0,143255897
1,952035142 -0,191393606
0,646081144 -1,759628036
1,417418222 -3,127310731
-1,196894538 -0,599395024
0,376468432 -3,23682996
1,657747267 -1,818329996
2,148636744 -2,395226979
-0,060677602 -3,993999014
2,776347467 -0,77180614
-0,278383223 1,709690631
2,054332676 -1,469542976
1,001308208 -0,012510832
1,713725639 -4,758880383
-2,092729624 -1,110043523
1,206362165 -2,015100826
0,558901933 0,59198628
-1,025484042 -1,159978608
-1,199945047 0,041147222
1,418607993 -3,231333841
-1,735556064 0,287585085
-0,210802481 -0,408641157
-1,890895386 -2,04082581
-1,206735124 -0,595017056
1,802048388 -4,744676093
2,589301181 -0,058114834
2,29168296 -2,718906396
2,037935998 -1,491721558
2,612170609 0,272683861
1,83611425 -0,139749402
-0,094977091 -0,493244786
0,234208953 1,383401599
2,203475878 0,870212037
-2,158743614 -1,385719262
2,952624909 -1,822420715
-1,49078361 -1,502019948
1,242743297 -2,593222275
1,366250404 -1,451752856
2,58534131 -0,091503464
0,027127658 -3,700920083
-2,590532817 -0,959945159
1,861199041 -4,005033825
1,348119039 -1,524811539
2,890788384 -0,909461915
-0,633550013 -2,223330579
0,07078726 1,522697205
-1,910968451 -2,060346251
5,020240741 -2,840750405
-2,112495377 -1,333216722
2,196214051 -1,243263742
1,915709393 -0,176489147
1,008724376 -3,652103831
2,327494651 0,897643099
-2,87760679 -0,461908374
1,844663269 -2,385236299
-1,946094115 -0,548018094
1,811343394 -0,739442285
-2,433749596 -1,851752856
1,135540674 -0,520482187
0,12100109 -4,246497211
-1,635484116 -1,699071367
1,723547316 -0,713289148
-0,240337772 -2,934138525
1,679752882 -3,543115779
3,4031551 -0,553686823
-0,416856269 -2,420855592
2,768202204 -4,479602696
0,003565543 -3,75130805
-0,325046831 -4,630919762
1,625582474 -2,435899462
-1,194574878 -0,310438176
-2,90667476 -0,692767157
-0,429113565 -2,796272218
-0,347528385 -0,927371265
-1,21465869 -0,491503464
-2,382102473 -1,041668447
0,097035234 -3,57825619
1,861418459 -4,026608449
2,609262698 -0,200046312
-2,40302471 -0,391896982
-1,259621987 0,276097735
-2,434307231 -1,024506559
1,170469037 -3,902791196
2,324658354 -2,649462876
-2,889594477 -0,473957988
-0,550509807 -1,912857315
6,228985898 -0,294488833
-0,570129907 -1,839321579
-0,446493128 1,763161489
-1,97755983 -1,175079292
0,567076009 -3,979004932
2,064443936 0,687585085
0,90921639 -3,502019948
-1,008183828 -1,137558552
-0,215669859 -2,947298379
1,019008651 -3,670361899
0,970886435 -0,396272218
3,625513219 -0,025325898
-0,806611981 -2,235661971
-0,995466957 -2,139090076
-1,016600766 -2,123043905
5,26738895 -2,516234913
0,751980014 -4,809062718
0,053433022 -3,651064559
1,407626816 -3,130563468
-1,206102581 -0,42056683
2,661454778 -1,610459479
0,506224381 0,364152119
-1,659475674 -1,739460756
1,761387307 -2,400023971
-0,489594477 -2,473957988
-2,933585518 -0,607128373
0,289923905 -3,106656676
2,189197519 -2,408641157
2,774822184 -0,765648483
2,403923499 0,865312847
1,742267359 -1,774988633
-1,2175592 -0,520526644
1,242326214 -3,989595468
3,657160453 -0,045128727
-0,892261413 1,819699916
-0,638612693 -0,400023971
2,295081743 -2,480229612
-2,539166261 -0,983648214
0,56053989 0,682814248
-1,472505349 0,497643099
2,581518463 -0,133355328
5,93585943 3,297432263
2,877212031 -0,089880353
1,625453279 -4,771453475
-1,783027586 0,137420362
-1,203697926 -0,400315556
3,110519904 -1,190177148
2,223153725 -1,194749647
-0,165005129 -2,97206528
-2,409782105 1,183953467
1,35126358 -1,714077353
-2,359470248 -2,2270702
0,235412743 0,058235815
-0,681680477 -1,060194314
-1,189661216 -0,07146127
1,765580964 -0,722609727
-1,48542926 -1,504981399
-0,500234855 -0,378836139
0,187094193 0,03608723
-0,706489798 -1,066744677
0,989756343 -3,617992582
-3,167194632 -1,858629031
1,858543209 -4,06756895
1,537261229 -4,782401406
5,325940143 -2,431814647
0,981030323 -3,602260157
3,734508166 -0,182502473
2,302020507 -2,701478941
1,211509325 -2,099489892
3,261418459 -1,626608449
0,052450535 -2,403036365
1,72530808 -3,614294525
-2,110076095 -1,106656676
2,553796059 -1,480635559
6,331849629 1,598137955
3,85671739 -3,908689049
3,3 -0,6
2,581470847 -0,164992916
-1,358737461 -1,708960113
5,438969512 -2,259169019
0,618076591 -2,569263532
-2,112220483 -0,475863589
-3,248317093 -1,476998487
1,122134519 -3,836323527
-1,500313643 1,725456057
-1,346742684 -1,729163738
2,006288926 0,482881756
1,557804496 -1,844978558
-2,917298333 -0,513878163
2,01806973 -0,127082636
-2,088705239 -0,485196877
1,505134656 -3,325110816
-1,218983682 -0,545046214
1,512427027 -1,154719747
1,338553663 -1,61590616
-1,613797872 -1,661139215
-2,233885668 -1,081158093
0,957576982 -3,561013541
-0,730786179 -1,072834227
4,469689171 -3,422729144
1,845954121 -4,122685896
0,893430193 -3,501031043
-1,811901783 -0,11343299
-2,186577412 -0,448675513
-3,287480989 -1,036775928
1,847992521 -1,697342001
1,313938564 0,019841119
0,094144732 -3,063528503
-1,776718293 0,164038982
-3,288338224 -0,974754275
-1,326898466 0,397343167
-2,211176969 -1,086206948
-1,277865481 -1,836323527
-0,481632583 -4,582427931
0,604574518 -2,596505229
4,092910379 -3,738128783
1,702103824 -0,917192307
-0,179349648 -0,804653028
-0,777558523 -1,083730124
0,494334799 0,992297331
-1,215813543 -0,580366349
1,414977123 -1,326076788
-2,330893761 -1,056739513
-2,737887328 -0,392397493
-1,810989508 -0,085496177
-0,712166265 -2,246044847
-1,459063703 1,737917881
1,544102783 -1,109026357
-2,39802272 -2,199916017
-0,500225816 -2,486660038
1,825173587 -0,757314748
0,818473961 -1,521080089
2,809454043 -0,820872972
2,155238569 -4,671445558
2,762422384 -1,706117092
0,069106239 -3,056739513
-0,72998873 -2,246616373
1,669213821 -3,072834227
-0,067463695 -0,615481918
-2,262108059 1,313162872
-0,497021894 -2,710193959
1,467474762 -1,226478467
-1,391275624 -1,652103831
-2,744088705 0,799340575
0,588098217 -2,11343299
0,720561178 -1,611238128
-1,714779844 0,33120222
-0,849168779 -1,376516504
-1,811802553 -0,195513263
-0,0864377 -0,506858653
1,369201555 0,012713942
2,99904299 -1,034322245
-0,847375091 -2,222420715
6,339793844 0,470082388
2,509225718 0,741482818
-0,982581778 -1,127310731
2,603509595 0,41307637
1,131126291 0,020103896
0,160249915 -3,486953102
0,831180691 -3,580473287
1,120192527 -1,679335808
0,654953061 -1,735606034
3,456695088 0,021438683
0,590446217 -2,057394672
-1,522833984 -1,511860812
0,616724331 -2,576949193
-1,441391085 0,489207786
0,187536207 -2,440078709
0,931499056 -3,521614401
-0,704686955 -1,566435109
0,958608915 -1,510792214
-2,183319837 -2,232826332
-2,242195504 -2,244978558
0,424566138 -3,168664028
2,98281157 -1,014374259
-0,473668592 -2,744970851
1,197783074 -2,597728632
1,286903614 -0,594686535
0,287504623 -3,333216722
3,7135623 -0,106858653
0,878223077 -0,258070007
3,212058916 -1,389162197
1,029850012 -3,689336367
-1,146577229 -0,589367149
5,383142549 -2,346118857
0,543932372 0,824022321
0,746603267 -1,578780347
1,528138799 -1,131628705
-0,028027427 -4,161922607
0,587336867 -2,600001662
-1,798096887 0,055118159
-1,98532442 -1,189567159
0,547605686 0,504903678
6,11977773 2,736256054
0,018411972 1,5588771
1,561191573 -0,03180871
-0,960391086 -1,254404796
1,260833739 -0,583648214
-2,065902178 -0,494564804
6,359105989 1,143666864
-2,515795178 1,077645985
0,527178086 0,422451523
-1,828775694 1,592682153
1,447076256 -4,168316946
-1,679438822 0,388761872
-2,451880961 -1,924811539
-2,931117602 -0,623898088
-1,554026837 -1,555071463
-2,079024645 -2,187527713
0,911797476 -1,500433176
3,52690946 0,010219928
-0,323708509 -0,913473824
1,020562296 -0,004976143
2,052471615 -2,927371265
0,35614752 -2,503905645
3,153376489 -1,263453368
-0,554045879 -2,122685896
-0,826176116 -0,453079192
-2,436554044 -3,26093277
0,714163566 -3,78173673
1,832140791 -4,154601953
-1,376648203 1,760124181
-0,754498626 -1,078487126
-0,374289368 -2,845534091
3,448880873 -4,160969867
-1,171976546 1,800027823
0,637935998 -3,891721558
2,008703027 -0,193260926
0,616956351 -2,513688839
0,614739133 -2,583501567
3,239580218 -1,739159347
0,859299071 -3,534164365
-0,540116699 -1,982809382
-0,158055113 -0,43484899
3,243940881 -1,488658082
0,447992521 -4,097342001
3,189133651 0,005550717
-0,538800959 -2,005033825
-0,034307231 -3,024506559
2,804533043 -1,739090076
-2,811907983 -0,812971935
-2,416845991 -1,80175128
1,705019942 -4,244140844
-0,030798445 -2,387286058
2,067017031 -4,692223939
-2,430798445 -0,387286058
1,112041193 -0,506348885
0,899774184 -0,086660038
0,685220156 -1,66879778
0,593593221 -2,298305947
0,973937705 -1,517278041
-0,486008009 -2,727610486
1,889031549 -1,660346251
1,468384304 -4,181394122
-1,176365036 -1,968321119
2,333266104 -2,566505789
2,08542024 -1,425302374
1,733746664 -2,406191832
-2,44873642 -2,114077353
-3,065173785 -2,175764017
1,776468432 -0,83682996
0,866414482 -0,207128373
1,812058916 -3,789162197
1,952119595 -2,977924433
-1,511881607 -1,503337123
3,232140791 -1,754601953
-0,558824699 -4,556204781
-1,320977477 -1,771023143
0,168036318 1,445318065
1,346516437 -1,696147609
2,754875588 -0,143929996
-0,560419782 -2,139159347
-2,06128535 -1,116436175
-2,715711019 -0,387375566
3,032661031 -1,843770176
6,250466617 -0,187069349
-1,078857138 -0,559651224
-2,774289368 -0,845534091
-1,026877871 -0,535484014
1,560249915 -1,086953102
2,611417237 0,191153271
1,439964704 -1,275896906
0,73335389 -1,594382645
0,972777106 -3,587485212
0,461406413 0,274692458
0,069122004 0,004797022
1,340322836 -1,657620684
-0,300547909 -0,899110254
0,203390237 0,042897285
0,588197447 -2,195513263
2,264683428 0,896105883
-0,880863217 -1,104897295
-1,188490675 -0,099489892
-0,555336731 -0,385236299
3,695553301 -4,014441025
-2,341905329 -3,371825689
0,538497381 0,463045594
0,417469661 0,210851596
1,587536207 -0,040078709
-2,27899891 -2,246497211
-0,061446337 -4,01590616
2,31457074 -1,104981399
-0,393639313 -0,375348525
1,839580218 -4,139159347
6,289947728 1,940191923
-1,805010047 -0,001003847
0,137248072 0,019142048
1,153796059 -3,880635559
1,989010492 0,314503823
0,561061723 0,659806458
2,357576982 -1,161013541
1,647842184 -3,497921185
4,321693678 -3,553489827
-0,689480096 -1,590177148
1,67001127 -4,246616373
-1,058350831 -2,088369378
0,543332579 0,483823146
3,724658354 -0,249462876
2,919136783 -0,704897295
0,788750353 -1,539944963
-3,226230301 -1,604048367
-1,314345818 0,379879942
1,1824408 -2,520526644
-1,190737302 -0,600046312
0,08628568 0,007491973
1,382953882 -3,185727762
2,364969236 -1,173720083
-2,147797457 -1,099295006
-1,790407138 -0,449108257
1,687504623 -0,933216722
3,079054296 -0,020133159
1,065842354 -3,749875815
1,47699816 -3,294567253
-0,945219279 -0,499242492
-3,199203267 -1,731322228
1,859883301 -3,982809382
-3,098051092 0,126914623
0,067474762 -3,626478467
-2,486061436 -0,380158881
0,386086654 -3,226015586
0,082029657 -3,602191981
3,326155168 -0,589235794
2,910810891 -1,804243615
0,086640928 -4,242690043
1,259538341 0,023976459
-0,008687881 1,576283951
1,901684805 -0,170180386
2,787974029 -0,793557932
-0,162709124 -0,787834435
-1,611249647 0,460055037
2,570469037 -1,502791196
-1,929225894 -0,555886268
-1,857940994 -3,834855765
1,766449987 -4,223330579
0,381274253 1,205660534
2,940923768 -4,409854526
3,087833735 -1,846044847
2,854129183 -0,717986313
-2,457132622 -2,077310789
-0,539465714 -2,047473046
1,548730289 -2,462061616
0,876310578 -0,128317431
-1,285343926 -4,225978895
-2,928624198 -0,543255897
6,28783934 0,029705228
2,610372791 0,164861037
-1,541566251 1,712082771
3,733266104 -0,166505789
2,681345497 -4,511988182
-0,710897488 -4,499894984
-2,265552047 -0,423919118
1,025710632 -0,445534091
-1,201291935 -0,379131426
-2,923689422 -0,528317431
2,610338784 0,32853873
-2,239750085 -1,486953102
1,578540517 -3,093105601
1,503490528 -1,845259297
1,40197728 -1,799916017
-1,218481537 -0,533355328
1,637068593 -1,826202619
0,903936549 -3,500371285
-2,242474955 -3,480041159
-0,945870817 -1,117986313
3,476291491 -0,513473824
0,760276205 -1,564478412
2,358608915 0,889207786
3,584076637 -0,437509705
1,566114332 -0,681158093
1,641256386 -0,985719262
0,296763488 0,095649906
2,012078708 -0,188933254
1,74250183 -0,873641452
1,452450535 -0,003036365
2,616282382 -0,199716108
-1,745667324 -1,869542976
2,605425122 0,089561824
-1,993949507 -2,131180687
2,938003692 -0,70122137
1,203105462 -2,599395024
-2,486876107 -1,005175945
-2,453483563 -2,096147609
-1,202216926 -0,597728632
-0,694980058 -2,244140844
0,55759405 0,729342414
6,1535699 -0,612495293
-0,371932684 -0,940781619
1,847440306 -3,019879187
1,486640928 -1,842690043
1,687833735 -4,246044847
3,352119595 -0,577924433
1,180830229 0,02416541
2,016972414 0,537420362
-1,585332609 -1,61001009
2,277166016 -1,111860812
2,558118892 0,628071459
6,305972091 1,826133123
3,72067486 -0,121032787
1,870774106 -0,155886268
-1,795096336 -0,41056039
-2,003200347 -1,13224253
-2,223489917 -1,465446313
-2,513096386 -0,994686535
1,814146386 -4,182218937
1,823655226 -4,168969028
-1,871172951 -2,020714578
-0,821459483 -1,093105601
2,080873043 -2,381444789
-1,568819309 -1,580473287
1,428677469 -3,242505971
0,311294761 -2,485196877
0,674538906 -1,690123397
0,560235751 0,614377858
6,251702068 2,168245965
2,5824408 -0,120526644
2,225513219 -2,425325898
5,992402813 -1,126494721
-0,214617338 1,683941008
1,404533043 -4,139090076
-0,097979493 -0,701478941
2,0031551 -2,953686823
-1,187909916 -0,182066167
0,764515884 -3,699071367
0,885064612 -0,275376755
-2,428027427 -2,161922607
-1,076618397 -4,337474202
0,453905885 -2,548018094
1,632661031 -4,243770176
1,978724448 -4,711352523
0,59779261 -2,345702947
-0,019027154 -4,175736106
0,601903113 -1,944881841
0,700088547 -3,803396447
3,179758329 -1,814898705
0,888118393 -3,503337123
1,205410889 -3,946711376
1,83739064 -3,864124723
5,892847959 3,408426612
-2,61714158 0,963466554
2,152813427 -1,31899386
-1,624002284 1,682587118
0,664443936 -1,712414915
0,192812379 -3,444540219
0,363578317 -4,161384989
2,441262539 -1,308960113
-0,310762285 -2,891760989
2,59598274 0,469032956
-0,544554155 -2,086839274
3,261199041 -1,605033825
-0,165676931 -4,674022086
3,726339837 -0,135726899
-1,837756675 -0,594847148
-1,339923515 0,413578189
3,166449987 -1,823330579
-2,897021894 -0,710193959
1,205425122 -2,310438176
-1,023652533 -1,17180614
-2,271861201 -1,531628705
0,468647015 -4,079207136
2,259299071 -1,134164365
-2,921776923 -0,658070007
0,943909992 -3,538952431
-1,788234992 -0,466861128
0,128138799 -3,531628705
2,573320823 0,577151771
3,022441477 -0,683730124
3,652761917 -0,370808212
-0,244345763 -2,377439964
2,283768061 -2,467849509
-2,121338863 -2,209237325
1,383399234 -4,123043905
-1,685836434 -1,78173673
1,663596665 -0,06662587
-0,589109127 1,79384814
-2,44560503 1,149403504
-0,748396917 -2,245856385
2,419168818 -4,599182068
-0,003709757 -4,711600153
-0,27309054 -0,389780072
1,018497587 -1,545557393
-0,931272029 -1,114872281
3,69168296 -0,318906396
3,031629714 -1,076126685
-1,753918856 0,240371964
3,380344804 0,024997136
-1,820123396 -0,599194377
0,950292439 -0,039895868
1,053257316 -3,729163738
2,429850012 -1,289336367
-0,122975554 1,640994731
2,774515958 -0,759978608
-1,017046118 -1,185727762
-2,332525238 -1,626478467
3,247440306 -0,619879187
-0,620241671 -2,214898705
-0,784660421 -1,454916165
0,210781221 -3,090890604
1,804706143 -0,735734423
0,838776901 -3,567231585
1,189517318 -2,591233893
-1,078875675 -2,069863349
-2,224195168 1,343193666
1,374515958 -3,159978608
-2,292632991 -0,416461446
0,425484663 -3,162754913
0,67016506 -3,847377183
-2,845175759 -0,779344718
-1,024551208 -1,15475841
-0,910352995 -2,19338394
-1,367260604 0,442171222
-1,091039487 1,809871679
-2,803706361 0,712344455
1,743568658 -3,053161678
6,358372482 0,805283831
-3,275473885 -0,669312763
6,015661903 3,074087545
3,499452091 -0,499110254
-0,531117602 -2,623898088
1,817417989 -0,131141571
1,860534286 -4,047473046
0,926331408 -0,344970851
-2,860550287 0,622167404
-0,033749596 -3,851752856
2,07016506 -1,447377183
1,338885379 -1,637133206
-1,212319066 -1,924842379
1,412271893 -2,517729799
5,832987956 -1,521177941
1,391816172 -3,137558552
-0,332797863 -2,876743625
3,729330646 -0,232370945
-2,914935388 -0,675376755
5,955025689 -1,226626656
0,752813427 -3,71899386
3,671115204 -0,05613863
0,313155944 1,29651575
0,23879404 -2,457543626
-1,241881108 0,228071459
-3,285456874 -1,099058792
-2,583911108 1,002389109
2,249120772 0,891886615
-2,8691543 -2,612175236
-2,168072768 -1,095241708
2,520192527 0,720664192
4,014961391 -3,796560646
-2,692684607 -0,383207617
2,580984253 -0,155592804
0,331208168 1,27413211
2,585939638 0,523933792
-1,506569807 -1,501031043
-0,959307667 -1,121067496
-0,264459326 -2,920482187
0,166114332 -3,081158093
-0,447880405 -0,977924433
-2,651849605 -2,973305641
3,015339579 -1,054916165
1,599459716 -2,444339687
-2,305855268 -1,063528503
0,540881787 -2,587149075
-2,710762285 -0,891760989
-1,401019797 -1,634626771
0,805695423 -3,626200565
-0,567859209 -2,154601953
2,705686395 -0,166805613
-0,086876107 -3,005175945
1,181470847 -2,564992916
2,840692333 -0,721067496
-1,851837809 -2,000083396
1,484454862 -3,11168135
0,589010492 -2,085496177
-0,774417526 -0,435899462
1,321142862 -2,559651224
-0,064671515 1,609653383
1,928827049 -1,620714578
0,939956714 -0,36223016
0,31145454 0,106374514
-0,449707561 -2,439895868
1,999658241 -0,19869068
1,610781221 -0,690890604
2,868384304 -1,781394122
1,538003692 -3,10122137
1,482029657 -1,202191981
-3,130170388 -1,985775165
0,983143731 -0,020855592
0,988092017 -0,412971935
-0,167155957 -2,375139888
-1,417835562 1,749472404
1,801847558 -3,763932805
-2,329499572 -2,238794933
0,112427027 -3,554719747
2,003517421 -1,535804486
2,779067521 -0,778487829
3,133746664 -0,006191832
6,319937452 1,712102794
1,593388019 -4,235661971
-0,086061436 -2,380158881
-1,808198517 -0,273517857
-1,653396733 0,421219653
1,428446961 -3,124160564
1,872303824 -2,381668875
0,120364164 0,014666641
1,631927232 -0,695241708
5,546392201 -2,08159581
1,524231373 -2,471229012
0,188823031 -3,086206948
-1,210698819 -0,458114834
2,828677469 -0,842505971
2,100088547 -1,403396447
1,179953876 -1,849208021
2,174337567 0,848479825
0,533136587 0,87192494
-1,78193027 -0,527082636
-0,059677164 -4,057620684
0,727642134 -3,76039971
-2,147318262 1,400501877
-2,900225816 -0,486660038
1,734097822 -0,094564804
-0,538581541 -2,026608449
2,245973163 -1,155071463
-1,982582011 -0,531141571
-0,526265196 -1,010214325
-2,128448019 -1,10308718
-1,798519417 -3,882179538
-1,022363688 -1,149948128
-2,260877179 -2,246402589
-0,899623454 -0,480522074
-0,952923744 -2,168316946
-2,013913346 -1,226015586
1,573823884 -2,453079192
0,954824241 -0,379344718
2,773122129 -0,135484014
-0,768370286 -1,476126685
2,046081144 0,640371964
1,381089695 -3,145506544
2,175641254 -1,279763722
0,040529752 -4,2270702
5,648001972 -1,899277569
2,018840261 -0,160436139
1,720975355 -1,787527713
-1,192666843 -0,28599674
0,353746921 0,141736434
-3,088104 -2,112564726
-1,788050499 1,612518944
2,305022909 -2,493244786
2,781089695 -0,745506544
2,847076256 -1,768316946
1,672450678 -0,94998674
-2,615669859 -0,947298379
1,089237715 -0,491760989
2,007288137 -0,03033
1,187680934 -3,924842379
1,187215201 -2,475343523
0,898688707 -3,50004126
-0,931541355 1,819390444
3,734264291 -0,198843368
-0,411907983 -2,812971935
0,943113278 -1,505813434
1,769182596 -3,045628116
0,877166016 -3,511860812
1,130583046 -1,701152502
1,232844043 0,024860112
1,35921095 -1,476429146
1,789133651 -2,394449283
-2,070332105 -1,28740332
-0,051880961 -3,924811539
2,186202128 -1,261139215
-1,418969677 -1,602260157
0,287779517 -2,475863589
-1,157256703 -0,593222275
0,254949126 1,362110891
-0,036385196 1,593214536
1,277637979 -2,579409069
0,154007908 0,024206037
-0,5 -1
0,396592312 1,182452578
5,700165613 3,84698732
-1,898315195 -0,570180386
4,889290178 -2,994837207
2,257160453 -2,445128727
3,936220023 -3,853417352
1,706280085 -2,412910061
3,026725568 -4,372495277
1,625257271 -1,004650738
1,427127658 -1,300920083
1,695313045 -3,566435109
0,281799308 0,085467742
1,753376489 -3,663453368
-1,980866852 -1,182035961
-1,435030764 -1,573720083
2,889647005 -1,79338394
-2,753995923 -0,86132456
0,833703122 -1,513847877
0,275022967 1,340521887
-1,20401726 0,069032956
-1,787921292 -0,588933254
-0,80095701 -1,434322245
1,819133148 -0,782035961
-1,099109519 -2,050664229
-0,720247118 -1,543115779
1,987336867 -0,200001662
1,592812379 -1,044540219
1,385815609 -3,141391189
0,966121866 -0,029991319
-0,541456791 -2,06756895
2,825775382 -1,754198911
1,490788384 -3,309461915
0,272450678 -3,34998674
1,344120268 -1,548389163
1,816706654 -0,743410786
-0,464298085 -2,450544171
1,455115303 -1,833583687
5,646864125 3,955081272
1,193897419 -2,42056683
1,987724873 0,231485924
1,440529752 -1,8270702
2,591280656 0,496654708
1,196302074 -2,400315556
-2,257280259 -1,075713645
0,470774106 -2,555886268
-1,639723795 0,435521588
3,137289369 -1,836353055
-2,940289968 0,481134379
0,489031549 -4,060346251
0,257011189 -3,367492168
-3,211519117 -0,258477527
0,849120772 -1,508113385
-0,353995923 -2,86132456
-0,235740189 -0,853473763
-2,138336008 -3,585380213
1,58281157 -3,414374259
-0,007057609 -3,776553436
-0,625781267 1,799736183
-1,99754934 -1,206473942
2,031834406 -2,376531358
-0,93291065 -4,40605529
1,616680163 -1,832826332
2,372777106 -1,187485212
1,159662228 -0,534138525
-2,461114621 -2,037133206
2,605410889 -1,546711376
2,593264876 -0,195017056
-1,581526039 0,478919911
0,316180369 -3,301920138
-2,022779113 -1,125725671
2,579953876 0,550791979
0,405464447 0,196048559
2,589517318 -0,191233893
-2,92717696 -0,64089453
-3,27229251 -1,287254452
-0,035992567 -4,147012368
-0,061114621 -4,037133206
-2,793613849 -0,829404904
2,817418222 -0,727310731
2,267014038 -2,753615899
3,543505838 -0,469082469
3,013238069 -1,840367381
2,783399234 -1,723043905
0,845973163 -3,555071463
2,919969804 -0,941509084
3,683768061 -0,067849509
2,205695423 -1,226200565
2,833122053 -0,108546462
1,854011726 -3,936658149
0,552035142 -2,591393606
-2,460677602 -1,993999014
-0,974224618 -2,154198911
-0,587941084 -1,789162197
3,079752882 -1,143115779
-0,578803034 -1,028998143
-0,046842421 -3,900803486
0,924635785 -4,81415285
-0,656431342 -1,053161678
2,329330646 -2,632370945
2,950831221 -0,976516504
-1,191368685 -0,043305962
-1,050842015 1,813510577
2,721142862 -0,159651224
0,620991149 -3,913834715
-1,785260867 -0,583501567
-0,523689422 -2,528317431
5,789081017 -1,617323198
-2,649794097 0,923691784
-0,10831704 -0,718906396
2,924231373 -0,071229012
-0,514935388 -2,675376755
0,271551981 -3,10308718
0,92239321 -0,061908374
4,613779734 -3,285955413
-1,210482682 -0,591233893
-3,183823949 -1,794983556
1,207333157 -2,28599674
1,166041183 -1,797063327
1,211417237 -2,208846729
0,83813805 -4,812381233
1,337543556 -2,552006049
0,935701915 -0,050544171
-1,307200491 -1,792531009
-0,596359512 -2,19431327
2,330540878 -2,550899039
0,411222444 1,159080649
2,775448792 -0,75475841
2,202893424 -2,821224125
0,880346913 -1,50120296
-0,3968449 -0,953686823
3,272303824 0,018331125
-2,360035296 -1,675896906
0,559386059 0,705997916
0,33871465 -3,116436175
1,186504119 -2,586356549
0,294426455 1,318651264
-0,864774758 -1,358648304
1,206583953 0,02492819
-1,801858576 0,027130007
1,615339579 -3,454916165
3,105019942 -1,844140844
0,107367009 -2,416461446
-1,949943243 1,527587677
-1,33552046 1,769878145
-2,779437704 -0,404976143
-0,747865836 -0,427813093
2,288118393 -1,103337123
1,189301181 -2,458114834
5,751421096 3,738236491
2,854738796 -4,445557671
2,606362165 0,384899174
1,739614074 -3,638737346
2,419008651 -1,270361899
-2,668873709 -0,379896104
2,004903664 -0,01056039
0,190747586 1,425021707
1,424748404 0,002840085
-0,081464952 -0,666709954
1,7908242 -3,738686845
2,373937705 0,882721959
-1,381502413 0,454442607
-1,396076501 0,465312847
-0,607833032 -2,205217013
1,265052131 -2,584745703
0,212806848 1,40437739
2,265499802 -1,125491505
1,73871465 -0,716436175
0,696467007 -1,648501705
0,196636962 -4,238176461
-1,426062295 0,482721959
3,602893424 -0,421224125
-2,759149975 -0,398267467
2,792262437 -0,126729849
-1,613805888 -4,018581966
0,299755327 -4,198957571
1,469106239 -0,656739513
3,07001127 -1,846616373
2,905134656 -0,925110816
2,146603267 0,821219653
0,231927232 -3,095241708
0,216680163 -4,232826332
-1,799895466 -0,368203081
-1,380991349 -1,670361899
4,822070167 -3,069773933
1,494144732 -0,663528503
-2,886008009 -0,727610486
6,270089858 -0,078993926
2,243358317 -4,649014136
3,23739064 -1,464124723
0,775641254 -3,679763722
1,786086654 -0,826015586
-1,213495881 -0,586356549
-1,018910305 -1,145506544
-2,012366735 -1,128921432
-0,859746581 -4,438559384
0,440279987 0,241865429
2,582523148 -0,173248649
-2,540461659 -0,376023541
2,120561178 0,788761872
-2,302964766 -1,57825619
1,403565543 -1,35130805
0,471307549 0,291760888
2,492799509 -1,392531009
1,084288981 0,012624434
2,432739396 0,842171222
1,098538778 -4,813012862
-3,235054589 -0,373534226
-0,377817963 1,743710327
-1,703532993 0,351498295
2,408724376 -1,252103831
0,209085352 -3,424265808
2,389756343 -1,217992582
-1,370149988 -1,689336367
-1,995293857 -1,135734423
1,391880517 -0,633354871
0,852802319 -3,544036017
-0,446141449 -0,375480861
2,597783074 -0,197728632
-0,552559694 -1,019879187
-1,78121172 -0,539343503
3,480873043 0,018555211
-1,442423018 -1,561013541
2,389056586 0,874748877
1,433122053 -2,508546462
5,915982845 -1,325802808
1,557822746 -3,097303333
-0,053483563 -4,096147609
0,611309546 -1,889658013
-1,208453763 -0,439845269
0,41467558 -3,189567159
-1,974826413 -1,157314748
0,387633265 -3,128921432
1,011445393 -4,814366811
-0,56260936 -1,864124723
-2,565005129 -0,97206528
2,453257316 -1,329163738
1,766536244 -3,68838818
2,624188914 -0,198441398
-0,998733869 -1,211104839
-1,410243657 -1,617992582
-0,04078905 -3,876429146
2,231180691 -1,180473287
0,462849365 1,064289691
1,825484663 -0,762754913
-2,373500746 1,217609605
0,017897527 -3,041668447
1,652134164 -2,427813093
-0,620963231 -1,713485394
0,498221099 0,345458822
1,182523148 -2,573248649
-1,96388575 -0,539749402
0,774337567 -1,551520175
0,623281707 -1,835961018
1,137679712 -3,85845359
0,334097822 -2,494564804
-0,971075927 1,81826159
2,593897419 -0,02056683
2,653422771 -0,189367149
6,150321381 2,623048205
0,509104614 -4,04082581
-2,798691792 -0,412510832
1,795084698 -3,037577867
1,962243325 -0,194847148
0,590276215 -2,248081207
-0,337887328 -2,392397493
2,237290876 -2,787834435
1,300890481 -4,050664229
-0,433878134 -2,429991319
2,13335389 0,805617355
2,037840002 0,615589975
0,515709393 -2,576489147
1,75614752 -0,103905645
-1,212680808 1,793808204
1,824566138 -0,768664028
-1,01084845 1,81630448
0,251109334 0,066755046
-0,67469192 -1,614294525
-2,409016303 -2,18841282
2,785815609 -0,741391189
-0,889189109 -2,204243615
1,820795753 -0,747683876
1,9 -3
-3,152424251 -0,034750997
0,890530508 -0,099979239
-0,025756537 -3,826838904
0,078187763 -4,728277258
-1,410943414 0,474748877
3,161387307 -2,39712E-05
-0,583084059 -0,389507731
3,093510202 -0,666744677
2,598708065 0,020868574
-2,389831646 -3,31670141
-1,603785949 -1,643263742
-1,672357866 -1,76039971
-0,055879732 -3,948389163
1,651603083 -4,245856385
0,528827049 -4,020714578
0,327239161 -4,769677401
-0,016845991 -3,80175128
-2,435992567 -2,147012368
1,990276215 0,151918793
2,680987988 -1,630839661
6,32969088 0,359217569
-0,132985962 -0,753615899
0,160661819 -4,743525739
2,537679712 -1,45845359
0,096047586 1,503955797
-2,084525869 -3,636909417
5,976798463 3,185973103
1,987680297 0,258869895
1,203509595 -1,98692363
0,423615087 -3,152304574
1,953858551 -2,375480861
-0,473844832 -0,989235794
6,087152926 2,849190712
1,181518463 -2,533355328
0,580792933 -4,797830482
-2,482064655 -3,204544882
-0,085006087 -4,693509822
0,607288137 -2,43033
-2,396434457 -1,75130805
1,985537223 -1,557553438
-1,624358746 -1,679763722
2,818607993 -0,831333841
0,225257271 -3,404650738
2,460076485 0,813578189
3,776484713 -3,962366488
-0,256494162 -0,869082469
0 0
0,814667391 -3,61001009
0,3947637 -3,215903589
-1,183717618 -0,599716108
2,506797463 -4,571777812
-0,192086384 -0,416583074
-1,353023251 -4,186598532
1,212090084 -2,182066167
-0,50667476 -2,692767157
2,32567092 -1,114796031
2,993388019 -1,835661971
2,337565896 -1,129676063
-1,166996647 -0,596262379
0,055115303 -4,233583687
0,120680235 1,484801377
-0,057132622 -4,077310789
-2,036421683 -2,161384989
-3,078095328 0,17954884
-1,745046939 0,264393966
-0,548753299 -2,105229138
-0,521776923 -2,658070007
2,020991149 -1,513834715
6,271859213 2,054241994
1,501271831 -3,108370372
0,823153725 -3,594749647
3,620650352 -0,404653028
3,428067316 -0,540781619
2,271442391 -1,118048189
2,691183098 -0,173410593
-1,334157646 -1,749875815
2,828446961 -0,724160564
1,273463198 -4,805562759
-2,934571965 -0,590632787
-0,359149975 -2,398267467
0,409101968 -3,197703704
-1,784500427 -0,499175088
1,671551981 -0,70308718
-0,251363256 -0,395226979
-1,50393343 0,499951863
1,613422588 -0,048675513
3,260534286 -1,647473046
-2,455879732 -1,948389163
-1,062456444 -0,552006049
-0,578586447 -1,81431282
-0,215923363 -0,837509705
-1,29282823 -1,814323451
-1,020932479 -1,178487829
1,542719741 -0,675713645
-2,05749817 -1,273641452
5,08391409 -2,761636011
-0,113405835 -2,377703966
0,52877477 -2,5821635
1,365692769 -0,624506559
-1,196490405 0,01307637
1,792166968 -4,205217013
3,195084698 -0,637577867
2,004574518 -0,196505229
-0,398691792 -2,412510832
0,411343394 -3,139442285
-0,075341646 -0,649462876
1,92877477 -0,1821635
2,973165343 -1,82967223
2,29606657 0,899951863
1,797839789 -0,122256652
-2,142252733 -2,218329996
-1,847964858 -0,591393606
1,390983697 -1,78841282
-0,368165594 -0,376531358
2,884454862 -0,71168135
0,618840261 -2,560436139
-1,812319703 -0,141130105
-0,411925254 1,75376762
-0,92300184 -1,294567253
1,873734804 -3,010214325
-2,047263567 -1,119528228
-1,762159998 0,215589975
1,371972573 -1,761922607
1,184186457 -2,580366349
0,585537223 -3,957553438
2,016956351 -0,113688839
1,995605972 0,077613678
1,693510202 -3,066744677
2,252761917 -2,770808212
1,710519904 -3,590177148
2,418497587 0,854442607
2,320041733 -1,109245135
-3,284007451 -0,790471789
1,20331944 -2,334143479
-0,552830348 1,787234628
-2,801748469 -2,734183592
2,973823884 -0,053079192
1,373122129 -2,535484014
-1,212784799 -0,475343523
0,142719741 -3,075713645
-2,317970343 -1,602191981
0,533109365 0,442584104
-1,809553783 -0,057394672
-1,108816902 -0,573410593
0,882701667 -0,113878163
-1,810938985 -0,222058076
0,429079081 0,226127002
0,257747267 -4,218329996
0,902978106 -0,310193959
3,564259811 -0,453473763
-1,119012012 -2,030839661
1,59904299 -3,434322245
-0,174486781 -0,425325898
1,216282382 -2,599716108
2,677637979 -0,179409069
-0,419655196 -0,375002864
3,139614074 -1,238737346
0,786202128 -3,661139215
0,416706654 -3,143410786
-2,223006318 -2,24223258
5,207515955 -2,599358722
1,341182336 -1,571472658
-2,16120596 -0,457543626
0,606288926 -1,917118244
1,689923905 -0,706656676
-3,183936979 -0,145502846
1,657011189 -0,967492168
0,511895807 0,944123922
-0,29569998 -0,385184609
-0,767338969 -2,243770176
-2,069175436 1,45411916
1,181016318 -2,545046214
3,326974381 0,023234531
0,404706143 -3,135734423
1,622441477 -3,083730124
0,417417989 -2,531141571
1,198708065 -2,379131426
0,377220887 -3,125725671
0,865499802 -3,525491505
1,899765145 -2,378836139
1,588823031 -0,686206948
1,519136783 -3,104897295
0,548332177 0,800188065
0,513725354 0,383223287
1,823615087 -0,752304574
0,474032391 1,040350037
-1,517289043 -1,506951319
-1,449431502 -1,549410615
5,597936362 -1,99101808
1,362422384 -4,106117092
-2,083819631 -1,301920138
2,127642134 -1,36039971
-1,788690454 0,110341987
-2,569421573 -3,090012196
-2,385022877 -1,726076788
-1,456886722 0,494186566
-2,015143737 -2,14676508
-1,488202524 0,499566824
2,60331944 0,065856521