9.737144417467155 3.768784162648935
7.564560932279305 6.661878456761855
9.260679661861506 3.886835843812428
8.535701617998853 5.218917822027112
8.447608200506590 5.513498304888159
7.703134514579162 5.386972336424164
9.935048507517882 5.103612348921169
7.896429717043706 3.852222918382046
8.692113157957639 5.340513998583758
6.997261422547814 6.232614241028367
7.284339325819912 6.593106668568530
8.548230634227215 5.367102843638922
8.368410147466557 4.974732300615996
9.064401185852969 5.395898697654540
8.939531400371594 5.726740036708832
8.990574069075130 4.580662184418520
9.268714944390666 5.223538789541925
8.732376777318683 5.198098136838857
9.034208486638843 6.113826830608648
7.104866366469630 5.763579150248990
8.187485807107032 6.143966805627564
9.348235346887272 3.805796113521813
8.326329767926243 3.818747317334481
7.091146739836355 5.411589906902384
8.229270605822869 6.060635884826603
10.105311120683087 4.357926580689476
9.173643067067264 5.813075950284194
8.603321393275642 6.775453739402741
8.761930042739971 5.297376581635418
8.625739432087904 5.335468968668608
8.509421419511083 5.237539958202012
8.287258834717878 5.823308593816249
9.941564622599564 6.522439620852832
9.376423159953269 4.606598633438528
8.260163179216235 5.448314738799793
8.777262611286664 5.374190725709793
9.208568948177149 7.243169221078726
8.713236081814303 4.500069361642622
8.754198557139761 7.087866595131512
6.921343163433427 5.703002175250915
9.202625586696033 4.413532660777589
8.208527599514582 5.760496486690158
8.871220478340042 5.142351889341425
8.813715734386466 5.016503999873881
8.725848564027075 5.713386594237647
8.763967964375780 6.440539490724277
8.776578437085915 5.247371643036673
10.544468353584049 5.497905183565082
9.725779350620915 4.830850637049302
9.197832835949072 4.405692114576571
7.138373157441367 4.707795785010386
8.965799845510572 5.851146228985444
8.648447586044236 5.856863909869213
9.646574006011503 4.882956773845066
10.531148569136398 4.841759810820222
9.541175004984520 5.663684711201735
9.131326152539673 5.095489877866953
8.303465725362273 6.068748713431134
8.171672827173504 5.484392662333477
8.674014009841409 5.653792730235695
9.248164583667203 5.196844188980132
8.963852087332944 4.771767963241800
8.758399127546586 5.464080250455973
8.428458972330406 4.984888043126515
10.659368763716911 5.266113167397836
8.293002414765912 5.129697131347175
8.292820050600358 4.819204425158123
8.012549003030673 4.410911147093213
8.840956227956866 5.207184262732035
8.774834671437221 6.123759604146316
8.942006637290529 5.040088066472245
9.641762812874044 5.476247182970804
9.035826537550227 6.019180341239160
8.980394989045058 5.347414329355045
8.281561359201657 6.283131266027757
10.074162642769208 5.894857006078031
8.730743838128024 5.084375411842450
8.215294148857105 4.789418150046287
9.952141944362893 4.918790491308165
8.780838144690632 6.083288517811736
9.666646195096904 4.440732817904912
8.741286087177892 6.189664930497346
8.546223827871950 5.105836736431435
9.795524384123304 4.559560866581026
8.832914009981966 6.339301177246125
10.011862442310163 3.962109638408404
6.888712596572797 4.877917629237119
8.721587208135769 5.190082394274037
8.192798534448036 4.352864848375290
7.265099854461928 6.402419796169347
8.449418976731854 5.057941493637685
8.708601739362694 5.204665204720385
8.076501018090104 6.205308240465843
9.232047387759039 4.518352838586709
8.746115183616773 5.328823892070678
9.276030276424466 5.417992004818943
7.170141456324326 5.588538525029944
7.085615972282455 4.551614837111957
7.469993623692812 5.556675978345108
9.416488651470571 6.249552270441385
8.182509592412408 6.382712900283162
10.331401814536836 5.692486586794660
8.430544105288185 6.877515009698849
8.612940656826467 5.385300988826993
8.986052187510552 6.492034779553246
8.526106524962064 4.778536737119356
9.753286806864413 5.230058495418083
8.652173031358751 5.575899318811396
7.405029248221233 5.512356828564456
8.353800066050972 5.440936396361509
8.620150375477381 5.256868914332922
10.200432608139984 5.504988800554734
7.642368491859890 6.704859863412118
8.658229448778524 5.727908213845280
8.593489795642968 5.838062491219281
9.271368326569098 6.295538300910767
7.533912391542215 5.430383940248320
8.684348435165383 5.313370746400768
8.995523051021941 5.119169870016012
9.153722113041866 5.034502846483028
7.358434444773563 6.477445440957777
8.046993691882957 5.788251174989604
8.760227637890186 5.328914112153415
8.218127954101732 6.676324135523767
10.132920108750611 4.638750370688961
9.178217568692320 5.165902919624214
9.853712955478025 5.436490642225759
8.204783398693568 5.466070763095909
9.276132358949422 5.630479071026786
12.495036549104316 18.007383857196665
13.027209614873884 16.709127635310288
12.889555906789498 16.774741635398932
11.804751131816918 19.610855337510806
12.899481392469211 18.386379151857319
12.185868519472752 17.669523190349913
12.585079300696149 18.048953630212310
11.358464931468895 17.723873683684783
10.766414312449342 19.243606775426667
11.816440782516461 17.503651476210532
12.188067647423905 17.161787764505277
13.016422956081962 17.133343947907985
13.313367140250968 17.410187948048613
13.584059154173538 16.943423692849702
11.605772947758203 17.744716525567995
10.351174199801367 18.250725253545809
11.823517810406072 17.635260688512702
12.071798278378015 17.698435715469337
10.561635333450184 16.637329233195892
10.013249216047162 17.456363433213156
12.610622908473626 19.403544121190262
11.867686803414692 17.819686016140292
11.916958683211497 18.937366835484319
11.498878188145294 17.781260465774544
11.964941205029909 18.977484319146985
12.178012843280925 17.950493353087765
12.097274532274295 17.652087559841206
11.691771977738524 17.762879520074993
10.569285603090140 17.878210718069131
12.867730588026138 17.398324351267053
11.809823649748468 18.804440307872255
11.826126141927507 17.497375518791792
11.323356884791943 17.448544244384127
12.563222047586118 18.402054127989874
11.486193105814149 16.466997211155718
10.906810969678604 17.383806946111939
12.728511795314493 17.282781170650782
12.137226370974885 18.998792337927878
12.502018652880855 17.755282754506151
12.461166240486527 17.623056981196662
11.889278654914941 17.839115444198022
12.149616835618733 16.962725540182092
11.916593737497914 17.800951393862160
12.522798582298154 17.736898693276395
11.664619771347212 18.423930057518120
12.987136352448054 17.393880637554322
11.697628465906153 19.198836151874733
11.909236425653695 17.686729463709923
10.415433264893865 17.212916305754085
12.090859073690273 17.982328550227269
11.595695132702197 17.156751177745853
10.620064608929138 19.117136249792122
11.078315781651884 16.119946872738648
11.644771239452265 17.202787038643581
12.812865219102905 17.065919772956306
11.981919924045345 17.800059972704698
11.395764369238510 15.888513680099635
11.979323107687925 17.498101127398783
11.970847637789044 16.107392233389106
12.314073373500932 18.272259680066217
11.557506396227524 17.542374503285039
12.274741005901364 17.322852093384068
13.173890982447205 17.207110617228349
10.831680204877078 16.577605259747457
13.252790958016210 16.489111794382449
11.453329922725464 16.430966148089233
11.239197693438303 16.557905056379742
12.453851881244198 17.581400245371565
12.269660543535052 17.115959634341216
12.450897440353653 18.724584643024691
12.145726546939290 17.766925606915308
11.374445740376819 17.160424075613452
11.711937838624015 16.562762056059764
12.595482801448705 17.692879272166167
12.634800351627401 19.201697179798405
11.796260374632734 17.493334887863146
12.824158786654747 17.787010015320753
11.850652382314321 17.775085317498569
11.278310117875806 15.989323808115362
11.537007960505013 17.286049809418564
10.051775218503725 18.003008970679872
12.025650638050664 15.727765601618284
12.294633549714780 17.819784618450079
12.551790690434679 16.921962831273635
13.553306978778249 17.481072753011375
13.225628604938887 18.132485449789289
11.947489459498120 17.689349590194464
10.657645763280252 18.405169298597176
12.598541027351281 18.690011681995184
10.639161926684773 16.377023759928562
11.807794755600632 19.580986268711467
12.625235250759276 17.141982163726080
11.840559852745914 17.214844928287171
12.412553527780791 17.980710112173131
12.302257848771969 18.503564790073330
12.442885752573993 17.345955454123427
11.850251688792891 18.160399164345730
11.445201170954991 18.086933999348691
13.228579181299182 16.554778541072317
12.420326522262757 17.911760698629962
10.724512774341624 19.098805420517348
11.947140284580611 17.899221664305404
10.707568568557127 18.500309594912046
11.646706021390472 18.101019910888077
12.721012566560008 17.686516488661795
11.356300983916642 17.183387120668286
10.370708549255127 18.391953767831133
13.230466403994459 16.421991314368828
11.614501282597875 16.610293151546696
11.811604250583702 18.638108139049837
11.334586192345107 16.568751331801412
11.979560208741495 17.738159798029486
10.626749750295371 17.101072192118810
11.066986455387049 17.772066133811791
11.619834490013984 18.414736107484803
10.701575363128768 18.913136335479564
11.603168469076167 18.292682292680695
11.192790472887085 18.298187095526490
12.731291770760805 19.297452557089862
12.525901164262583 18.168506376207500
12.039910684050730 17.819693679428404
11.831719958579233 17.078304362506216
11.998099282033502 17.046687723065791
11.398490044703992 19.632153982279448
12.890137977754630 18.534295241818967
12.172434016841807 17.787629671689164
12.065779007796179 17.423441371199662
12.456807415163091 16.114219278301537
10.238124105719606 17.060206870171125
27.003657205984840 8.742910169523460
27.112111253001469 8.713053501910895
27.297141560734122 9.177985571568552
28.409021621109240 8.169039243495201
28.386352901363928 8.218309680475253
26.944616032252490 8.268470756046987
28.923763486757696 9.086375404835424
27.039503459635341 8.813530821473178
27.435924503143777 7.655238466090537
27.162012947759788 8.685502502036933
27.148304483136577 10.489741599482716
28.321113096252567 10.082741522273679
27.245020039563883 10.367120717042903
26.035101907080989 9.165768499618631
25.570632626989454 9.923629871593212
26.033412697375717 7.030780734118936
27.727040888727199 8.817780351576234
27.715957902334868 8.625666083087244
27.569890476930500 8.659589862966985
26.832023512047101 8.134920428918972
27.894229575532346 10.390510117224080
26.774130389838927 9.009244033207361
26.538470739673929 10.538494500531803
28.156470578051785 8.284123951763435
27.922658476281509 9.386692076239976
27.018564154992024 8.835768450109519
26.311479508290358 8.817646859052608
27.328516491547990 10.186856381957174
29.010769739630128 8.841504505052416
25.316341433257342 8.037761150335339
26.999624307292216 8.744501986221604
27.708076791629342 7.697832968176919
27.127026967502253 8.801958320135823
27.039768452753158 8.803522756609940
27.586793472510141 8.993835220632086
27.548699725599381 9.816936783165511
26.971917325732672 8.701367754204384
27.997011359937460 7.191226292627896
27.724484860226163 9.490780157056788
27.159604382261623 9.196075422406953
26.618984912538355 9.958118850944601
26.220706101679365 8.972215339333371
26.684048845894033 8.746276455021611
26.158014205747225 9.681593197968976
26.901945746933734 7.755145810247527
27.099550227544924 8.796527137913111
27.093897760664262 10.668919029563773
25.091063899228168 8.928143721798754
27.040784089210518 9.789563156576374
25.842586543805982 8.121180991180049
27.013121169562325 7.501124857472022
26.524387364938068 9.610890518900991
27.800276190597327 8.657569699655628
26.692947851800113 8.578082228315060
28.852082113714850 9.139267120567498
27.742035691950079 9.848767630741779
26.866076264230081 8.079091479291598
25.683744204456492 10.162976293990912
26.661943932753271 7.758479897471433
26.671472134451648 9.060112460676164
27.641352572118308 8.896088069633191
27.527113377960870 9.089803499527383
26.637029026419242 9.553252973044726
27.192354746631537 8.488752826020951
26.254489723611957 8.403759534115380
27.151037166061080 9.727567411096366
26.135793562779529 9.868932048490972
26.100758575451369 8.923732554765976
27.346207521930662 10.402522807923360
27.634141063395600 9.064623959262985
25.997393143684747 7.530800230564979
26.973123872398801 7.346100260057238
26.919329669163638 7.512124116449847
25.103635091173434 8.347285348086121
26.737943982933686 9.616038299519543
27.255793391978077 8.670350274483006
28.763705408181174 8.340855364839339
27.017878145976578 8.722184661252415
27.410953078896377 8.678046613366812
27.283217027717182 7.731539296706898
26.495148710556169 8.592875523970523
26.893235054395085 9.824748622880286
27.048598190576925 8.874803063014451
26.977756576857431 8.928351068834386
27.738562877649109 10.049021186095507
28.298989568549104 8.707318523160437
26.991168938243579 8.743548585789695
28.022527298047557 7.966392765894946
26.815132548613338 8.512104056073056
25.742954479956484 9.826044603152692
27.015011905416564 8.743186637650705
28.627986136419985 8.025593059811133
27.886001201104410 10.057098321601799
26.697826278236892 8.941351168825619
28.393123395288061 8.740466925602542
27.219458677508541 9.350235596161834
28.011341352444848 8.939178037157694
26.513839789992147 7.280262864030094
28.746071882715878 8.712804103320126
27.397434620466118 8.419926543663356
28.467921781846670 8.660603411959487
27.060255878965556 8.486606459762999
26.788189706867190 8.943805568842926
26.360896685738933 9.347303639947047
27.425363277370927 8.515717254481773
26.099142813561464 10.000333347030498
26.108844392405778 8.456308905658275
25.975603822710298 9.964547730207942
26.615343617961344 9.658424965719330
25.550925563000444 9.889691086914944
26.479242589061112 10.273159595628828
27.003656803172717 9.839923784456390
27.020764838245647 8.408730077786446
25.677386306290146 7.821609991215969
26.722973945534569 8.909135930297467
25.821569256579167 9.930966346446493
25.799729626852248 8.592946555655507
28.202867551200384 7.849474506528727
26.144729751454204 8.725817452046501
27.080863028184112 8.657906303113036
26.523095894065705 9.234041093207729
26.131416382607988 8.353645146067461
27.369333870175417 8.864708037948922
26.993089782997675 10.455133439174244
27.055138176547786 8.347301834221451
27.890340689794574 9.605851208756638
26.568432902824771 9.053773846047584
26.932695407971952 8.731421734767943
26.649421480381758 8.665962419587066
23.169604567617306 20.513163665501999
23.284059209576089 22.819247814859398
24.488288260227183 21.187195949398408
21.488479546089330 21.498145416427381
22.452897966194296 21.095453248215552
22.753957064421535 21.106596156465724
23.225471542714985 21.545411430467606
21.953681238489619 22.186166952716444
21.434351910843297 19.965219005547269
22.259625375094846 21.210893455294656
21.584798404112650 20.290934027334750
23.277017434201060 21.878084488015219
23.170619170394371 22.786068546830951
21.170692856635167 20.469368654822222
23.250241119433174 19.418037263899091
22.444682869978717 20.218782288777554
22.918327405488139 21.408466214442555
22.659555798973422 22.094431562042228
22.106634000317047 20.990088348259775
22.293701104769760 20.969552121155704
24.385990352372961 20.034538204952675
22.045253587075003 20.274359298124708
22.780964075166544 21.182691824838209
22.548063063459129 21.440521440082385
24.445632567937182 21.823333001218657
21.934740209905836 21.458068412288835
22.460764617496412 22.765625837087970
23.452666382104937 20.258448718270820
23.052567629924493 21.842894411454406
20.797101025259479 21.427578042547598
22.293691033425624 22.068009235304963
21.691625977449029 22.764638977641354
22.935252879028713 20.918404848875614
21.560751392080835 22.374889839146782
24.142146551028091 20.864922844371360
21.402473366906765 20.538855621395449
23.895885821984518 21.477585313402191
22.852413110944486 21.927294025991770
20.736055285043108 20.900144472266536
22.900933540190007 20.837294695080317
22.121193895230313 20.657027964109826
22.410652219228272 19.544040732381230
24.418706277088383 20.865211994237050
22.723292544949231 21.462051879701917
21.892487991931841 21.143882663179188
22.975584160144781 23.029062385062247
24.422998860034120 20.909166044148904
22.439998765918464 21.625088201370183
21.747480765476435 19.612050285899759
23.839979025326905 20.405180601921600
22.758779323894490 21.035540071925226
21.764025716732867 20.946790657472700
21.962718133679914 21.714665099959024
21.803293454480201 20.408487099781009
23.932742113552056 21.098713289183898
22.885955061382056 21.874384504913174
22.894235406949100 20.755307357892303
22.449085775985282 21.533563017403743
21.448437283230525 21.963132771504689
22.784325492857651 22.057386456192518
22.717515618564924 21.222324669761747
22.765042934832231 21.203373953986667
22.574580724374936 21.126025487435189
22.628243163306717 22.721799384110774
22.778892480070137 20.746600928829977
22.461535552991375 21.358432112203179
22.249387910356770 20.921571400920538
21.048192783827510 20.142470016712483
22.288727712384677 21.408605322350727
22.959314845971392 20.780190538498545
22.718156193740665 21.123266698231532
23.435436551156219 21.045669867396157
21.491207524015412 21.131261960753189
22.220199779171857 21.431067487895575
22.990707143249089 21.386210780473103
22.903827692937480 21.066041727034360
23.003471870926646 20.591103022897915
21.990874677876061 21.714823777973912
22.243977963427195 21.187367472961583
22.876341025121040 21.073202758300020
21.875933832469261 21.553944879210537
22.870553078663889 20.329473487195834
23.117875525556208 20.840292155439663
22.688025219776293 21.142194611927508
22.411087827606671 21.854228672268444
23.345560998377284 21.820545425046060
23.406221520761189 21.383685844175790
22.941466917957701 20.110507779862029
20.851540298697923 20.987716754574578
22.167925250786553 21.795880799123786
22.373287190331485 22.661550825532963
22.689955553042939 19.757907932454362
22.731784770828185 20.172475338243892
21.714430060589844 19.586145756814446
23.527850901778386 21.906956191520084
21.683377485902859 20.638227813915876
22.695408474323646 21.109047875602791
22.632162307071365 23.098962773253806
21.892432130611372 19.643393850062552
21.773943082221290 22.773106741813525
22.422040394100669 21.115577875924970
22.597590501765158 19.846388424724125
22.409005800015262 20.712140636204850
22.708631235239430 21.438281114319704
23.931755573241308 22.504210413629643
22.375992519408765 22.307272938762292
21.134965475682659 20.381292015240319
22.787267575466792 21.423573831485900
22.912139780540066 20.939632538749681
22.699481038121824 20.913844894255661
22.944302790020707 21.542322763338031
23.999123622674407 21.845788882903303
22.794841492208590 21.079481180536725
22.551246748008946 21.096729680418623
22.483530081745588 20.246707407023017
23.979172278400057 20.565795811970325
22.441931415852611 19.818472263438832
23.450809663190697 19.341131127511847
22.769183423508771 20.221386769896149
22.076366797835199 22.567119412172580
22.133930539758190 20.087415390997055
22.948590330475213 20.532485846876867
23.077224745104569 19.243119574749279
21.975169004737676 22.578084744160968
23.875045598543263 20.443725912390661
22.953500327842434 21.149426898518175
23.216690673286482 21.669010970138292
22.705418671154192 20.056692685177659
21.562672331700469 20.756298095560616
3.488964106014750 15.983856791341861
4.666524590390119 14.911256568471639
2.893096628024282 14.791285633970972
3.783592324809726 15.036079663303539
4.184366148797435 14.561018589728004
5.214706933323434 14.387112664824341
2.775626012999964 15.054068411962916
4.133318076517888 15.342778566285620
3.775055474608609 14.401392125075015
4.763914516454884 14.322167360535264
4.057138659824824 16.696081703862841
1.950494722456016 15.109055350088241
4.524795999794999 15.934733303230672
5.111601310596912 14.652686632892468
3.637032295421886 15.235501555724412
4.380731839161528 13.766551908879013
2.410061322490574 15.356116187822542
3.998539683192335 14.982742887453020
4.421170128146496 14.754937509065684
3.999821984011533 16.516290645996488
3.504538845935612 15.279012168533272
3.942570909013706 14.966672351198371
2.682047459378410 16.564397740816126
4.544500898252648 15.976874566792494
4.089368567649206 14.405489236656388
4.178326811468310 13.921738876698752
3.807407668509833 14.936382535268843
4.617871797453789 15.330304068891305
3.421428129719998 14.578335973181661
4.511064584562849 15.810705927156411
3.082309681290983 16.115578071456046
3.440384727433619 14.683952655401997
4.161976851813217 15.769912093544065
2.648791085276295 16.569267484710988
1.833920446926100 15.000410190204240
2.267572706985701 16.064871993568886
3.877315517020453 15.123814110219373
3.234837020630894 14.481928289496635
5.433858877655593 15.116216290299018
3.455905027830334 15.067882698570978
3.607164179440618 15.297309685414533
3.879551887803152 14.670754072672286
5.334809862789504 14.341772620145523
2.677267549309431 16.411137868301822
3.320490123827008 16.467221595577037
5.126536474466033 13.673631963194062
1.958399385700695 15.182643381095405
4.636056630538372 15.582157699443240
3.992940398530469 15.488933553891920
3.762744779884203 16.059452954795134
3.497619125380097 16.104409127154053
3.323135619392219 14.739707305224181
4.021283526418962 15.247840841942686
3.706996396108542 15.092572433019969
5.643084580413793 15.025127033778901
3.343606280168987 15.681488022364521
2.207261348224372 15.237409340382561
4.401515235350806 15.204506123704062
4.530830289398970 15.152323641406811
3.949644943461554 13.768791219257537
3.618871251085463 15.436713369440414
5.182040737269205 16.016835461219578
3.979299701699452 14.830094092847322
5.414400340901827 15.012948296010732
2.102761153408567 14.177016918517907
4.701282006545990 13.373358017504183
5.096716821795301 15.282073991299542
3.810508286783628 15.448618430826093
4.866043373720623 13.742506947225504
3.501210157281515 15.204086219048921
3.336229884473875 16.210634424900185
4.353233223757004 14.423508924346773
3.387661264304172 14.959524097895855
4.950870428011733 14.273886119041221
2.968703986565944 13.374047551287202
2.509097809271024 15.455813051344995
3.783186689100043 15.038126087341485
5.245609317129528 15.453817922969010
3.510530951603022 13.612791948321968
4.176692263896583 16.647309293787075
4.267267457199369 14.955116988788081
3.654461894683371 14.954559777401279
4.730454538737810 14.011992699500208
5.051755128851963 15.960781180611413
4.228177219570468 15.089445303781561
3.542907533695493 15.013462539401788
2.179780650356979 14.277060922719365
4.675246398361882 15.485452559954535
3.837365525884252 15.124032161117999
3.759327364485396 14.823697948699715
4.270283426112850 14.334643855057374
3.844851019642747 15.303643861475848
3.716009078896573 16.942597547463226
2.410335191460048 16.047243335014482
3.938205219836203 16.027547136436553
5.575929489394605 15.334449855818407
3.667047358916791 15.196740785941465
4.505014884021444 16.631433167919464
2.685407997365873 14.311658168566998
2.836930981535826 16.687076604341684
3.968954251998391 15.976620593836342
4.035659814738187 15.227129480516769
5.000854695221759 15.853320822980601
4.178751770646125 13.690411789345674
2.598186384486963 13.682961817629653
3.408135059588451 13.910851948042563
5.058170745833681 15.786954445572537
1.817068959529397 15.341678108365590
4.254225493202343 15.597211666565535
2.819364062768856 14.643657243625190
3.693296779564917 15.533948222860566
2.869380103584628 14.710670815590735
2.530093571294857 15.509689431128512
3.467769255739308 14.203709680736610
2.843185462362159 15.041852032907361
3.791088111724094 15.018839785682534
3.524384106885581 14.222696500772447
4.621462473577219 14.503813355712774
4.093000171751408 15.763447992896946
5.739488221072515 14.840741889916551
3.575797771917582 14.969196912366765
3.221388764994802 14.779911744523547
3.203549452856481 15.089648128522294
3.762567518876721 14.875717812949652
5.111767181040606 14.324740972652075
2.721261431241079 15.647548599307155
4.360805575822749 15.142696442113737
3.200127761651641 14.986162427710202
3.718155797522246 13.793720993826518
24.339437164426712 16.191873398111365
22.308309915117764 17.847705275239957
24.294616630030848 15.271304074815829
22.885760279273363 16.006724653773954
22.881607705279063 15.835267658816127
22.634946275092950 15.463578463725637
22.932361532854156 16.081366872411508
22.194149389867423 17.811194081104929
21.840609366107412 16.148270638493194
22.387970526640270 15.185921112407909
23.321809367707239 17.381028632984783
22.869381422452868 15.950246239009783
21.808536819177156 15.793475385737729
22.098782704550270 15.543664445576541
22.392830476680217 15.992120686483199
22.411502633134667 16.799317421866917
23.579167986665631 15.708890743178147
22.752480199999301 15.946677721504459
22.971591362319288 16.523241391343134
23.009710282874146 16.870257916327095
21.863883906645878 16.227588028959300
22.536180121484158 16.597827438646835
23.481892928985896 16.760296576033731
22.032731373091327 16.193152540425981
22.136357425474802 14.690677086358178
23.080676417350752 14.182255197203695
21.642405071147458 16.798358766928470
22.281650229206658 16.530011386862839
23.765725132160966 17.269278785415288
23.063909078682123 17.533136735508251
22.999458975219333 16.021924428622658
22.225204619220751 15.563933842660905
23.050137617062962 15.980212313981218
22.940162617555224 15.989794420112629
23.162495389340979 16.744039928063177
22.469030979009702 16.176593060879142
22.851700514355947 15.931887118680736
24.287154000706678 15.039227963082759
23.258779037150102 15.108295038869612
23.903518866494313 14.974992326988158
22.507320410320439 14.859747253416977
22.865594481333595 15.284729687857094
22.548600525077841 16.463923222909738
21.735779092734415 17.363227852152669
22.569591576436945 17.328819597606447
22.566329330549348 16.138417716937496
23.439926771619326 15.383375634898663
23.277103348578155 17.158265323721750
22.439970850145443 17.155967196157590
22.784816846041281 16.325705848870573
23.409276965981785 15.921100928795592
23.003872677498983 16.627821873206322
23.118880843065380 17.881852003864978
21.995611888241481 16.744927259766193
22.677069991588819 16.416846588450184
23.859855319587368 14.381155610833146
24.561329514577196 15.159831242368773
22.874204194857114 15.402331989027243
21.942599855307332 15.563348551314931
23.387434606783334 16.416073807238895
22.806561754913613 16.595978338899119
23.056630581568896 14.738799460663081
21.310108161999413 15.578837014748860
23.140917050471721 15.615370508628967
22.810458745782469 17.415107917807948
22.981146557537475 16.095731378733117
22.453142847050042 17.221887344003875
24.514345558258622 16.770357132500756
24.318917643383678 15.632969344747519
22.814541103923528 15.994889415025883
23.363793940748259 15.014096060214118
21.569435342594272 16.036727604308410
23.735224486400835 16.306401837758408
20.850573719202238 16.257829908916200
22.921872141828509 14.172889675169108
23.116158603695407 15.051644274876102
23.706683195682324 15.603066762662609
23.019948697761063 16.694166808755380
23.159135724310435 16.652660885313431
23.410920912011370 16.323129858998080
23.910456752632172 15.844991695048591
22.319447719033427 16.850557311823835
22.375703819728216 15.554913264198378
21.831702253866275 16.505026372805055
23.689804776199924 15.343256232883244
21.277529315660200 17.306849891851687
23.637483665576781 14.355010010975610
21.887097852950088 15.743614109857951
21.546430493218132 14.739065301325404
24.289152118332016 14.868200066512546
22.786258972973464 15.701458341403841
23.006138507500491 16.064835074461250
23.554973984481190 15.933902327691824
22.615439775425301 16.816853826690394
24.583120102264456 16.368998130504579
23.875449338753690 15.973842684102095
24.149636953125537 15.337031719352426
22.568826725915418 16.532869469679653
22.233829141933199 15.200791084008280
23.901990350594183 15.934830024928257
21.930017665050659 15.839909906356418
23.237299544358631 16.297301070567485
22.866068621233669 15.872579265410025
22.707333951371663 16.598574475190553
24.482007960306831 16.729199064417891
23.074869485491810 15.761499932587881
23.072839379940309 15.470608002571339
24.347077277636096 17.200026529607509
23.912007192777061 14.381881770119508
22.926021527642881 14.892471588942238
21.922157469028782 14.687725110905177
22.828353386308201 15.515458407853474
21.198531308991399 15.103276799512665
22.036785665318114 15.328700306704526
23.585585055221500 16.316344680704546
22.468847742759138 16.135267920428788
23.252212262639894 16.456366984854156
22.478636083181648 16.642846875800156
22.284851865936115 16.733015189295703
23.350071464267295 15.251781010705711
23.202374006255862 15.668526725205085
24.398480196539317 16.986303819332793
23.359940064910042 15.922346983163647
22.689980489929336 16.039642303838697
24.621001827984784 16.236648101589211
22.877089308424239 15.525201028965261
23.390977638595150 15.485573110187653
22.568328506196117 15.787518317066990
23.320600639878300 14.966137400674425
