10000
771
980
582
915
839
722
738
729
381
532
752
486
938
466
752
777
802
414
932
912
821
929
940
670
812
408
456
741
626
378
846
834
990
554
547
511
909
726
384
383
513
736
604
680
936
492
380
891
515
684
644
545
619
959
854
926
479
627
991
391
665
734
475
481
644
940
999
531
528
398
561
942
595
815
666
810
722
963
378
796
422
994
959
816
800
411
777
515
959
773
871
920
493
423
420
813
903
487
795
674
655
677
919
625
800
607
586
645
974
666
900
572
547
393
906
563
725
516
491
963
561
652
560
514
640
550
737
841
973
612
565
589
583
977
805
747
399
441
435
975
610
682
557
430
582
816
539
566
822
834
559
487
534
785
826
520
548
685
986
935
723
489
659
688
462
760
430
605
392
610
389
929
457
710
615
603
874
889
386
406
818
375
485
621
442
414
419
506
671
374
675
903
749
739
778
955
377
869
860
927
961
516
469
434
657
790
450
392
553
641
772
630
939
504
758
859
698
975
839
840
814
563
741
589
455
647
453
588
579
922
990
918
829
874
801
876
654
610
910
794
590
913
710
945
573
485
716
590
429
593
569
812
912
921
615
751
519
436
907
964
772
875
897
465
914
811
894
679
522
789
483
444
896
930
407
661
847
916
474
706
646
423
706
805
880
614
607
542
824
529
955
671
811
716
902
991
701
444
757
530
449
794
501
448
544
872
516
737
894
913
775
759
782
465
976
422
383
845
906
618
475
610
617
568
455
382
996
719
865
490
827
414
524
747
589
686
488
840
733
815
683
383
719
932
397
747
511
627
698
545
487
595
730
865
902
871
935
913
444
661
780
430
534
867
707
591
569
713
799
939
675
467
604
621
543
795
527
971
427
400
586
645
438
551
662
829
594
935
523
743
998
868
609
417
615
692
648
486
514
838
993
402
428
702
872
957
956
967
841
930
757
936
753
994
572
613
958
799
877
394
943
428
588
900
601
906
665
464
661
513
484
948
387
395
461
703
883
804
587
773
744
762
691
504
775
625
829
916
751
963
691
567
472
701
901
994
468
521
845
504
876
666
971
439
883
557
622
635
697
963
583
678
972
552
971
427
482
724
432
587
591
414
588
535
736
568
973
550
712
427
773
701
421
478
809
758
704
900
920
743
577
700
663
431
728
710
865
671
660
754
714
394
445
921
937
946
993
852
605
520
678
988
828
600
761
683
857
710
617
790
623
558
671
694
935
944
808
424
953
974
697
492
431
587
451
518
619
711
523
670
493
945
484
416
410
908
783
626
508
837
866
996
826
810
629
704
596
519
798
452
459
999
872
508
433
559
659
996
686
844
625
602
975
376
556
792
787
851
790
995
730
588
567
531
701
532
436
745
938
847
449
882
878
923
652
427
821
566
571
419
961
555
923
806
994
693
612
391
691
579
877
574
635
588
761
989
501
826
454
837
831
402
584
604
493
732
728
807
653
440
482
860
546
969
877
873
599
861
533
859
653
524
832
979
853
940
600
564
480
572
611
652
511
807
423
868
657
463
599
664
485
678
388
459
387
870
549
693
598
566
823
789
558
603
746
460
805
648
507
829
724
939
524
836
548
991
728
877
928
435
541
508
796
658
400
560
686
457
669
756
738
732
867
428
729
967
586
508
643
592
716
978
710
668
891
490
466
732
953
794
454
773
902
760
515
643
656
682
441
796
917
651
826
706
503
670
705
862
844
695
942
451
475
520
675
964
559
967
855
757
763
885
664
935
971
887
416
638
854
506
776
487
739
875
931
837
948
575
772
860
770
448
808
743
438
658
499
415
993
725
586
823
620
662
877
960
410
421
608
606
740
588
906
388
888
895
903
992
721
800
705
962
944
946
901
779
713
385
780
641
931
571
854
903
870
531
619
674
377
661
768
802
970
836
378
949
973
823
673
728
622
938
767
856
825
634
810
626
922
828
672
997
494
828
912
616
560
745
657
477
528
764
831
826
514
444
908
457
567
814
843
484
689
518
714
899
418
568
981
702
430
505
897
873
880
889
700
897
975
947
917
493
847
837
728
672
700
905
991
964
991
378
777
646
602
401
761
553
399
885
627
968
498
812
834
407
671
808
837
471
721
897
617
733
962
763
733
601
971
719
959
925
513
546
723
657
895
570
601
495
663
864
884
465
541
378
576
405
492
853
399
939
569
961
594
561
595
677
508
963
843
545
424
830
763
729
587
945
549
998
458
954
435
744
428
829
738
530
973
611
911
975
808
568
749
891
563
835
792
718
514
788
663
532
378
731
774
505
941
826
438
898
956
799
752
782
526
500
426
530
951
732
697
553
387
798
721
927
756
667
773
633
644
602
798
671
696
897
776
668
819
924
870
752
636
599
745
656
901
485
651
425
793
551
985
391
721
727
850
408
484
815
430
606
989
427
623
832
776
535
776
463
437
447
646
388
397
695
652
447
882
462
407
974
731
878
920
439
975
513
707
677
464
848
977
480
832
812
605
860
686
600
495
494
584
636
486
958
780
844
414
440
834
571
829
883
400
767
434
675
829
725
777
757
716
624
750
522
455
729
718
643
953
888
659
603
854
377
768
550
853
531
585
762
504
691
468
385
872
460
558
668
726
952
584
598
709
588
446
517
942
422
828
937
912
569
993
975
578
451
438
572
623
471
736
781
746
477
879
837
411
741
757
428
541
799
575
827
644
970
927
646
769
671
462
553
392
999
841
611
988
651
476
745
793
558
466
448
848
878
717
648
844
396
553
946
594
443
620
451
597
644
568
944
398
490
817
948
700
910
638
899
596
568
670
598
602
500
473
564
618
898
390
956
558
754
787
442
618
612
965
970
901
424
877
811
928
392
632
561
638
917
717
730
952
690
655
788
853
472
470
587
688
956
507
906
866
492
964
473
915
749
623
870
937
392
984
720
379
445
919
645
415
757
417
675
770
380
612
557
514
649
630
574
861
388
556
787
769
696
418
581
383
769
675
569
633
626
758
394
845
420
583
868
548
713
880
480
839
726
634
995
482
820
828
883
408
582
602
942
899
618
710
569
433
380
613
781
412
581
982
944
576
834
627
533
796
939
680
787
921
778
663
522
965
501
551
437
561
854
400
474
795
866
622
566
949
777
640
892
563
980
808
903
388
691
707
715
643
409
445
435
864
865
698
890
432
401
779
470
647
466
700
605
522
483
497
843
725
621
466
445
735
507
904
467
735
823
374
507
598
608
748
590
398
835
485
644
816
777
428
982
614
398
869
699
862
591
441
639
377
707
701
753
993
374
625
546
657
492
820
968
381
641
801
787
654
965
880
692
384
550
757
665
720
835
728
706
791
784
964
491
457
606
936
690
592
680
516
488
785
703
895
571
673
460
743
674
630
829
725
476
629
603
827
653
715
766
812
580
851
846
597
470
883
897
498
489
456
802
998
375
582
902
813
909
753
788
693
419
524
620
711
592
482
942
684
769
615
710
994
581
390
988
456
444
482
632
612
415
551
918
577
895
427
684
934
731
935
425
633
861
860
906
787
703
781
994
995
512
943
713
774
541
795
937
888
582
856
560
439
554
860
957
667
588
940
623
850
802
521
920
621
543
709
858
888
497
488
699
560
918
688
835
809
598
532
740
442
788
890
596
680
445
507
918
499
833
984
582
685
430
696
558
528
432
938
393
635
975
578
744
389
884
433
380
702
701
869
462
454
687
975
755
694
748
395
374
411
466
853
692
868
977
984
816
827
800
929
559
565
923
484
471
960
649
776
608
661
714
396
685
801
876
494
728
950
562
574
485
518
915
657
710
503
859
988
750
456
700
450
944
400
878
912
703
621
659
612
663
433
497
489
405
941
811
401
590
471
485
518
982
761
754
727
506
673
501
744
673
943
946
937
987
518
800
775
980
818
433
839
570
577
467
548
775
654
556
956
918
743
758
627
860
996
909
975
799
930
441
640
542
619
909
789
755
980
864
445
848
847
987
377
709
387
647
462
946
384
387
458
718
902
880
891
423
811
838
472
766
458
469
919
592
395
775
553
401
642
674
750
502
624
547
482
942
399
732
598
396
780
591
915
737
410
746
857
404
401
440
730
708
419
427
501
406
886
632
585
966
602
895
470
996
769
642
412
459
926
530
522
471
688
511
564
405
755
615
496
971
882
397
964
541
968
965
915
898
396
563
941
739
484
439
464
755
520
492
512
991
780
704
410
651
841
404
995
979
847
727
661
496
904
903
939
816
843
971
593
859
693
936
800
407
384
547
408
792
494
464
928
461
553
550
873
731
654
679
411
532
410
539
472
807
620
750
850
890
807
966
851
527
739
620
606
475
743
515
636
655
465
568
378
904
564
820
453
454
687
817
845
676
432
861
818
492
531
713
566
388
380
566
627
442
522
445
556
467
955
578
501
614
487
605
819
421
570
658
633
908
430
501
950
796
653
955
694
744
374
897
499
534
453
533
773
427
399
812
444
945
635
615
807
375
512
692
837
975
435
998
558
638
509
515
819
840
942
607
776
720
633
598
915
983
943
461
548
992
622
877
754
422
944
620
376
918
526
614
767
771
378
458
674
470
427
817
812
753
524
638
528
966
738
726
788
979
772
975
470
489
888
700
794
986
755
639
790
474
879
867
837
754
846
915
804
595
851
947
714
769
823
424
922
470
879
592
739
552
621
782
617
878
613
501
606
625
738
638
460
927
837
558
539
969
446
647
786
689
889
880
438
711
449
673
554
459
930
688
744
823
511
877
805
883
654
675
451
904
756
451
740
412
721
646
403
881
693
793
825
688
752
473
953
828
834
398
988
757
944
746
682
758
643
379
537
696
675
636
905
676
824
881
842
614
858
759
597
826
602
932
400
734
986
901
751
972
822
640
648
861
521
680
452
545
401
954
376
572
872
834
982
775
720
443
614
634
383
691
662
849
469
405
497
908
934
756
878
933
600
664
746
603
500
637
638
660
587
890
848
972
564
971
685
584
465
404
799
517
707
642
974
411
936
995
883
803
417
560
722
468
557
429
611
553
858
660
462
873
683
989
508
558
804
608
382
695
721
812
893
838
706
667
924
705
726
916
859
863
416
634
499
870
582
980
873
617
662
539
495
964
817
684
964
948
493
779
557
527
548
597
779
596
873
482
633
389
655
437
857
663
875
853
453
489
684
478
884
900
561
719
960
419
962
490
603
985
931
462
755
409
667
942
659
813
408
438
982
843
627
498
668
647
484
596
578
865
749
814
586
672
588
686
965
497
867
526
624
960
992
629
563
962
567
786
878
696
437
814
624
828
993
596
620
826
636
741
600
830
999
692
963
969
519
681
488
669
857
799
940
929
829
752
505
437
624
515
795
716
489
524
934
499
381
386
987
474
405
933
644
791
864
403
739
652
643
790
805
571
633
643
884
552
574
843
399
621
909
657
374
507
542
594
603
949
882
570
492
954
996
375
861
930
892
582
863
999
881
399
816
717
462
908
792
652
405
814
721
555
771
420
897
921
899
728
376
676
515
723
742
562
894
960
394
577
878
518
991
795
679
995
377
405
463
819
988
768
824
857
840
480
720
749
564
492
832
891
464
837
772
602
670
440
900
747
413
809
438
404
738
409
598
602
958
605
474
791
476
827
839
825
622
386
406
791
714
527
831
768
818
444
403
383
743
412
430
939
486
906
912
374
781
737
498
770
944
793
742
679
407
932
445
544
683
943
665
535
500
525
821
900
771
659
522
952
969
752
581
590
387
489
579
758
399
418
572
830
919
581
923
574
646
960
551
507
858
427
427
380
559
408
534
790
514
778
974
856
610
976
564
842
994
426
415
816
520
921
794
935
580
771
993
963
513
575
595
697
936
651
401
790
828
603
582
923
695
544
585
576
836
804
488
580
534
966
412
536
638
474
656
677
731
391
383
652
514
796
531
974
552
938
822
814
887
819
698
648
484
594
533
729
703
887
732
478
517
511
759
877
662
762
543
508
789
785
937
487
967
586
495
815
657
974
941
997
529
838
692
423
532
957
683
465
401
558
792
917
551
467
580
847
917
859
544
443
889
800
500
812
650
784
646
576
825
660
965
698
471
970
523
379
580
630
899
877
436
515
849
546
722
787
543
763
688
378
386
726
582
531
877
869
954
822
636
641
858
620
607
561
427
426
909
538
492
839
683
552
695
845
390
715
866
506
496
538
634
466
608
824
929
780
647
699
393
789
479
727
407
378
902
937
690
564
420
786
993
439
538
969
638
573
488
915
626
746
555
522
920
763
521
801
897
687
771
983
594
654
374
410
553
789
810
880
390
442
806
729
384
758
779
451
513
498
592
933
880
838
516
599
392
790
423
841
873
707
436
847
995
734
717
686
904
475
602
616
861
387
815
684
715
393
414
829
569
934
982
962
899
802
876
686
747
419
971
782
946
698
932
678
596
808
560
766
708
496
819
626
736
695
743
657
451
885
384
858
827
667
790
835
905
537
710
794
416
820
809
663
411
482
673
470
745
763
653
422
882
476
938
859
412
583
812
771
518
592
579
689
882
402
826
674
897
654
496
671
573
834
407
974
524
657
799
695
420
615
797
473
392
891
877
978
862
967
694
821
579
881
374
782
580
693
479
435
777
444
846
823
453
593
635
780
845
749
776
584
540
525
813
468
527
777
464
902
852
592
418
888
552
450
533
844
552
956
530
733
889
513
631
957
901
617
851
468
618
609
745
987
819
444
385
877
610
886
725
702
590
891
877
772
728
698
607
515
423
832
497
467
478
834
399
690
936
927
799
976
768
615
603
621
614
776
626
595
658
632
565
734
717
823
877
889
412
593
512
731
514
653
812
672
467
836
968
574
711
721
988
633
614
909
843
533
869
847
915
999
955
598
412
741
619
995
459
737
754
886
645
377
431
756
720
886
433
649
996
539
548
451
785
850
440
765
508
690
400
659
898
770
895
839
582
550
577
757
813
463
727
685
491
683
384
871
760
847
534
460
843
879
466
623
617
842
763
766
890
420
408
729
443
910
973
457
682
589
629
704
916
507
450
480
450
447
971
424
697
711
569
403
553
830
965
440
929
927
918
382
727
472
471
594
857
812
693
927
939
564
962
440
786
455
459
864
592
422
768
799
818
377
912
725
604
659
891
861
816
497
579
477
413
570
616
748
445
405
703
879
379
385
469
420
789
981
539
542
907
742
843
491
640
385
979
840
456
817
626
792
881
936
946
398
753
732
441
680
598
473
408
535
702
561
951
898
555
577
380
533
439
508
473
383
780
946
727
707
978
947
831
948
613
914
468
666
961
728
946
973
731
739
885
884
547
400
913
606
629
810
798
543
377
991
407
586
872
436
851
445
959
499
798
490
674
977
607
700
637
865
640
863
539
623
976
688
965
484
695
784
534
645
973
526
465
857
811
601
843
902
760
802
530
486
744
588
906
995
511
826
567
447
580
443
967
840
871
646
595
839
429
715
427
646
759
853
383
718
853
468
882
857
761
587
812
512
897
751
636
559
866
671
934
853
749
971
888
693
842
667
515
864
712
814
846
902
756
550
624
401
782
929
836
860
868
498
513
722
896
724
894
556
906
401
727
685
872
395
506
674
731
438
655
971
450
692
669
589
935
515
440
897
434
641
884
878
762
382
947
864
583
999
498
946
630
641
902
440
778
879
910
993
848
579
921
499
500
896
437
641
462
831
971
732
669
405
768
597
478
455
816
521
812
631
390
586
612
657
552
384
782
425
888
886
669
491
554
689
389
994
643
469
995
743
690
594
929
656
564
620
991
693
671
838
860
539
826
806
967
978
688
436
446
473
546
783
693
459
707
785
657
568
666
761
605
903
712
880
632
423
706
662
491
787
906
906
520
692
911
599
558
704
897
714
473
963
609
920
599
707
830
581
667
575
499
689
728
572
842
544
726
537
806
990
911
615
943
621
523
535
472
641
414
513
802
772
917
799
462
903
729
866
591
508
857
905
384
758
934
471
823
933
993
466
901
740
900
572
585
508
737
984
573
433
532
482
947
474
827
800
609
793
483
908
978
764
578
651
614
759
646
965
601
939
652
399
480
746
795
456
969
873
970
455
593
920
896
577
750
545
913
748
790
754
846
658
571
573
641
731
783
532
398
672
856
384
389
613
872
954
968
716
554
616
890
893
785
690
962
841
479
641
421
482
406
616
788
878
701
959
584
760
526
966
485
737
685
954
882
508
747
994
607
940
853
989
725
428
646
766
929
823
385
978
450
978
539
519
820
969
374
754
645
912
655
389
515
559
887
445
903
431
443
470
700
773
437
571
931
381
754
462
730
384
886
729
479
504
775
503
612
894
638
916
484
965
913
542
936
847
680
717
782
613
610
571
946
823
736
818
905
854
770
508
882
895
471
600
488
586
783
491
873
981
633
762
811
471
851
482
717
514
917
733
413
457
612
423
996
635
439
610
858
917
587
405
913
645
964
559
541
383
613
456
922
416
826
559
806
798
592
408
956
864
796
508
707
610
773
748
633
989
761
854
932
647
405
824
933
743
457
465
675
808
383
515
382
757
650
779
527
388
994
877
980
707
681
609
743
417
991
569
899
562
919
969
494
870
413
936
973
739
957
895
513
777
546
857
797
901
646
684
829
949
965
967
416
484
442
420
651
523
517
848
820
670
500
659
967
632
668
874
772
550
639
961
894
415
888
954
926
699
849
735
599
457
865
592
785
476
575
461
630
708
595
378
491
470
475
628
440
926
411
926
668
982
660
555
828
844
530
674
537
984
458
492
643
387
461
532
928
790
882
792
937
718
490
964
477
848
553
428
579
895
903
936
471
464
636
424
629
433
974
767
521
799
899
518
949
658
534
678
803
586
751
879
980
895
979
754
811
382
454
706
826
916
828
830
730
509
404
763
746
592
379
698
513
997
601
449
469
888
555
913
727
482
743
781
521
831
929
690
721
472
796
928
557
563
688
618
389
428
701
726
511
507
644
584
845
994
783
495
458
741
909
391
985
460
796
960
578
563
690
522
766
563
993
566
444
915
894
679
926
797
459
973
861
413
592
538
438
672
673
860
661
880
445
985
558
659
398
680
818
540
557
478
692
799
806
976
536
869
445
628
719
472
420
838
928
769
517
449
826
907
425
572
390
436
524
652
980
993
893
768
377
630
375
467
731
635
427
640
921
667
878
602
560
456
723
554
708
937
708
751
960
580
910
767
888
466
767
806
471
458
437
566
551
580
779
637
379
915
412
922
788
875
896
906
423
614
794
591
504
936
869
523
710
660
725
780
897
442
646
800
978
636
674
868
970
602
444
548
693
861
674
385
714
561
977
503
654
584
997
486
685
556
609
387
592
817
561
650
731
591
583
720
823
438
848
913
472
420
719
549
696
538
455
919
981
547
423
566
952
477
941
596
646
995
873
931
539
902
939
753
778
414
736
448
636
755
888
382
459
398
456
674
400
991
512
984
565
890
552
653
801
990
534
716
483
974
870
857
822
859
679
533
522
788
426
651
977
643
540
606
942
474
841
799
642
555
407
809
692
875
862
913
619
833
990
574
375
747
902
724
395
699
883
659
724
891
588
452
416
896
560
591
380
556
518
543
689
915
553
758
653
573
614
581
653
486
772
454
803
963
716
476
968
969
435
550
600
400
410
679
465
796
641
607
902
863
391
478
878
445
640
878
856
523
775
992
870
995
804
507
698
487
884
422
669
493
922
839
976
615
775
963
851
710
531
948
609
563
684
809
389
774
393
445
604
446
928
443
742
786
815
833
994
731
744
663
510
649
815
569
891
400
489
853
400
714
488
912
497
974
956
485
587
544
605
794
767
818
538
510
426
731
991
487
530
543
506
502
991
597
929
962
464
941
911
834
910
561
659
848
474
566
575
451
960
931
924
902
626
412
395
991
609
921
749
989
913
618
889
677
977
723
919
759
921
464
447
807
859
534
427
423
376
883
847
628
634
985
411
848
977
700
423
874
405
749
406
494
498
866
877
747
534
745
754
860
936
536
511
641
534
394
401
724
655
707
752
714
425
902
496
769
472
571
612
615
379
528
815
864
970
503
810
907
771
656
720
989
985
977
730
692
812
844
644
529
900
986
855
400
990
760
575
818
391
639
957
450
767
739
764
988
462
531
641
761
820
813
575
440
600
748
989
860
860
936
547
823
479
882
770
968
930
804
749
820
425
440
712
941
575
851
880
633
769
721
536
521
519
932
737
442
729
900
843
529
720
553
477
767
808
540
731
685
770
731
918
838
670
971
459
938
678
847
926
403
868
444
758
785
990
435
518
664
542
696
988
900
975
855
609
837
564
527
600
478
720
466
947
854
803
492
673
821
441
544
448
462
409
884
645
878
820
926
996
806
794
861
612
461
980
639
396
886
386
765
739
386
494
753
607
494
823
586
881
865
469
637
872
961
484
789
675
784
580
868
434
724
698
384
840
925
964
933
506
859
620
928
429
623
971
456
478
770
483
609
560
987
414
882
998
610
840
876
613
617
846
852
737
849
632
893
946
928
864
629
867
894
435
960
430
622
469
510
656
539
556
801
916
883
657
966
649
827
908
979
865
485
441
921
991
660
670
642
418
756
643
895
484
747
519
891
379
663
487
405
925
613
619
890
569
592
614
802
597
570
837
554
555
515
566
767
724
480
746
747
447
940
784
917
460
923
719
566
797
395
799
524
491
553
890
982
997
820
921
628
986
654
831
603
445
662
790
865
690
474
868
950
676
774
584
386
849
609
744
802
659
544
947
888
437
819
983
942
537
675
456
499
884
795
958
969
527
416
548
982
441
952
503
936
744
991
512
599
924
541
487
441
997
837
548
807
570
909
852
459
506
468
957
459
871
777
557
446
828
863
399
663
832
977
562
932
913
775
717
951
519
830
498
804
874
982
712
987
494
770
808
458
404
931
839
528
708
955
636
650
915
930
902
706
425
809
504
563
379
696
806
998
607
820
515
840
999
620
652
487
736
533
801
603
604
649
595
697
428
474
926
498
710
542
956
915
423
875
762
496
499
800
987
969
383
805
400
611
633
560
834
766
701
700
905
503
958
717
792
698
833
684
941
695
495
905
647
923
772
940
425
513
561
612
505
942
587
949
449
739
401
521
681
738
868
857
459
663
428
503
956
969
515
473
519
569
418
942
793
475
753
894
461
506
704
907
823
953
838
628
461
647
456
431
698
892
503
611
821
602
690
862
932
951
580
669
821
783
515
559
471
727
892
546
809
523
880
746
883
594
721
513
474
895
791
879
928
438
524
714
470
395
747
676
474
745
891
930
594
499
926
547
656
383
696
478
528
810
915
791
967
379
607
467
380
571
681
966
793
569
688
416
649
584
687
797
704
818
699
625
811
648
771
986
950
682
612
662
608
542
693
872
483
981
805
460
776
832
935
852
500
506
869
686
466
762
805
577
728
940
802
747
598
934
798
496
979
982
961
864
457
387
819
397
390
781
807
480
594
512
513
380
576
759
451
966
817
826
840
612
903
633
609
562
609
442
547
710
941
447
589
813
865
914
524
463
384
589
703
595
873
491
818
919
627
887
603
814
876
859
567
978
952
476
791
477
956
746
938
746
916
489
847
649
860
480
426
398
772
867
853
500
458
801
801
928
858
988
400
599
801
942
943
915
711
792
808
903
843
514
391
415
488
437
556
732
546
424
780
694
813
924
530
921
441
440
491
824
965
761
461
787
485
908
508
816
459
513
580
996
855
463
873
516
493
922
757
572
613
607
732
417
623
908
495
777
377
555
448
468
400
388
643
976
565
826
723
465
472
763
628
723
620
577
832
919
993
943
927
646
401
660
700
489
397
782
543
688
820
392
738
556
862
712
439
824
892
697
633
927
379
854
799
781
854
403
711
903
851
892
830
493
494
459
733
445
584
771
789
811
402
875
478
586
809
652
395
966
978
404
631
595
950
747
863
729
751
829
649
547
425
896
743
728
848
582
924
695
560
542
962
889
521
541
436
418
823
613
673
426
441
772
748
497
649
818
972
547
639
408
741
510
793
710
631
828
427
859
878
611
940
635
569
664
514
849
749
824
757
592
738
918
599
700
987
544
493
666
526
522
694
613
760
410
843
474
852
906
490
630
931
965
385
571
816
864
644
734
647
383
374
806
502
516
990
409
749
871
846
811
757
961
686
630
724
709
869
648
758
772
562
573
483
556
904
619
835
987
448
593
742
446
647
821
507
870
907
811
926
888
471
921
830
807
446
984
494
877
712
709
421
659
395
734
660
769
968
916
792
886
767
879
876
905
698
764
617
827
910
467
432
516
979
844
885
747
469
615
745
553
396
879
590
769
932
863
913
391
578
736
480
630
541
645
445
680
791
842
845
423
510
437
490
661
678
813
398
726
414
893
797
590
636
544
930
671
569
640
854
419
459
990
867
805
953
512
865
810
429
938
800
387
477
465
992
686
460
757
842
855
809
466
735
625
597
719
757
796
964
628
869
409
550
553
570
931
604
560
427
877
396
884
999
690
810
508
945
385
631
810
730
608
855
655
708
483
429
387
389
513
491
579
713
474
968
433
735
585
669
487
462
654
598
987
454
727
761
554
996
636
413
420
925
440
918
908
566
616
989
407
972
616
975
475
822
376
487
611
387
734
838
733
840
786
723
890
681
433
687
667
376
620
437
977
546
542
582
803
855
446
533
392
931
546
847
730
833
880
748
623
477
447
743
964
482
498
399
664
412
469
637
620
839
650
486
632
685
948
817
472
973
667
991
526
881
446
469
929
522
427
743
555
523
870
645
778
894
745
754
651
879
871
780
603
481
423
965
532
791
991
692
784
607
609
729
910
897
756
499
859
902
692
641
703
510
999
661
501
843
579
919
835
720
731
443
453
620
844
858
958
921
835
986
376
612
412
393
752
787
495
578
552
577
512
493
546
615
779
757
448
480
991
475
825
772
683
468
913
613
821
904
571
771
960
539
813
934
832
577
542
589
849
498
676
498
443
824
979
906
542
975
674
544
950
721
728
476
844
817
977
799
504
617
557
606
502
382
688
730
998
646
802
863
941
767
740
690
728
583
566
515
658
849
866
754
478
429
724
597
554
466
935
833
932
557
393
903
930
476
972
465
804
394
771
623
870
431
670
653
989
397
499
888
929
674
566
965
596
918
827
629
405
444
721
970
718
946
435
480
837
418
510
483
430
435
590
728
949
523
909
774
873
777
921
691
767
764
710
654
988
779
416
475
894
904
812
661
876
666
403
592
464
891
708
908
577
659
570
584
958
414
794
861
535
435
879
759
646
395
401
916
839
672
473
729
446
762
612
522
406
557
604
815
555
725
888
385
719
387
524
552
581
640
540
747
410
706
814
733
858
892
897
974
456
990
519
718
494
982
672
809
655
973
730
772
906
992
812
568
541
692
922
403
506
623
387
870
393
541
981
626
570
607
501
668
458
760
555
890
749
479
584
592
435
829
936
724
945
476
489
643
812
881
845
655
674
557
540
892
403
498
903
580
563
597
486
809
754
454
602
514
601
652
443
563
957
413
448
516
726
408
849
408
763
816
947
869
769
484
929
540
724
440
895
822
742
678
932
791
906
583
567
914
672
470
917
628
867
413
717
799
509
456
815
524
999
584
889
966
812
815
709
824
844
821
456
746
769
434
820
607
956
783
677
375
762
591
962
732
393
745
681
864
963
950
786
495
778
641
737
402
592
389
681
540
493
990
452
497
926
608
739
613
606
876
892
664
910
387
644
730
933
416
840
501
764
829
480
489
788
501
480
659
715
911
518
701
569
771
804
828
405
749
417
634
675
544
439
756
384
422
745
565
521
621
838
629
815
592
414
863
961
478
428
898
478
400
798
479
484
630
410
797
598
596
540
392
866
449
399
414
463
389
496
386
660
553
835
925
498
656
394
541
822
762
459
730
572
578
496
981
434
394
801
448
915
717
454
983
767
643
628
752
630
461
601
863
844
565
622
877
719
857
927
621
958
677
675
799
682
646
806
923
418
674
630
510
530
557
586
752
942
541
573
609
664
602
801
885
795
845
431
874
803
436
786
497
783
438
609
979
418
485
786
716
979
770
496
738
718
778
404
702
650
900
873
518
614
740
397
762
459
886
617
816
785
774
661
627
541
533
923
753
780
703
840
976
792
951
428
868
477
702
887
993
749
663
973
816
476
409
752
617
991
558
886
895
977
660
649
975
413
979
603
977
653
761
814
711
699
634
735
376
711
825
390
682
991
508
470
730
755
560
626
451
700
843
601
381
496
525
710
659
869
745
979
580
731
827
699
867
455
849
376
557
453
565
645
477
417
770
622
838
975
794
540
423
542
832
962
443
955
693
413
772
905
734
487
429
394
473
877
481
836
805
724
870
524
662
705
609
951
830
554
629
762
800
666
807
769
487
572
803
663
919
556
466
421
382
671
810
750
835
599
378
950
999
544
474
393
460
975
587
964
466
496
820
834
397
547
814
443
872
836
937
762
446
830
959
968
773
584
840
428
420
741
939
507
825
643
825
878
904
800
685
833
865
717
438
641
416
530
564
640
416
545
386
937
769
821
491
779
571
844
845
596
650
445
982
938
738
629
385
381
620
832
869
476
496
673
507
653
899
809
850
739
964
484
759
919
838
879
749
806
753
869
802
911
799
688
620
653
968
986
827
964
780
699
925
449
998
503
979
886
887
664
553
441
992
927
472
377
710
597
723
741
678
951
607
859
852
901
444
492
409
776
872
688
800
510
389
638
518
576
670
872
782
976
872
407
837
859
607
636
617
673
867
685
601
722
890
846
871
983
974
845
951
694
986
473
981
585
557
629
607
583
538
574
673
898
932
978
920
482
764
767
505
779
440
847
440
438
958
750
898
791
886
746
384
978
538
922
804
909
905
906
476
909
862
598
845
384
951
587
723
807
574
544
584
997
795
704
549
395
381
896
486
907
702
757
675
697
914
836
564
484
709
582
580
727
717
628
970
735
807
627
534
556
724
478
727
501
805
789
611
666
739
604
831
394
823
769
540
478
927
607
769
479
820
443
994
695
967
682
519
587
641
745
832
778
524
519
553
869
422
674
440
924
451
454
600
851
569
833
571
458
870
701
833
593
480
879
729
439
887
573
502
513
516
871
534
630
718
769
463
600
916
443
874
672
638
694
911
729
838
552
823
610
548
493
660
803
711
677
470
953
833
446
377
684
570
714
933
781
511
596
646
753
750
892
769
547
708
428
490
400
711
816
506
604
920
382
481
940
881
391
622
739
520
697
619
509
924
379
958
764
738
756
442
927
955
843
783
491
817
503
886
856
767
916
997
733
811
492
837
540
454
437
492
997
939
526
467
528
476
652
447
601
604
895
386
840
776
716
919
673
443
771
671
909
655
797
592
711
504
865
809
887
771
969
571
723
651
589
462
642
901
915
624
519
850
703
961
422
771
708
926
690
673
439
388
738
885
996
600
461
809
615
831
795
910
912
519
402
441
619
612
903
722
900
381
726
831
692
963
749
785
967
531
493
647
731
789
600
581
753
880
965
452
787
821
424
690
452
595
665
971
727
809
996
876
751
473
535
545
417
949
533
962
419
863
637
654
623
565
873
613
420
408
507
904
608
691
966
919
479
511
991
604
455
798
386
634
501
537
662
448
977
907
664
498
919
464
439
898
442
408
774
999
590
507
598
511
611
633
385
430
960
430
720
690
714
892
866
736
876
865
946
551
695
550
833
552
830
523
519
540
981
697
446
460
837
519
789
528
917
403
633
970
685
714
739
457
815
526
881
568
527
708
915
533
543
563
614
659
429
879
742
786
844
780
818
713
929
432
513
809
375
916
945
797
463
983
908
652
567
580
763
958
781
728
629
706
549
533
529
772
403
967
741
771
562
666
550
681
698
989
992
717
699
621
710
444
726
534
586
490
749
817
895
897
460
548
449
512
468
582
513
438
584
515
761
564
781
615
727
767
700
679
857
626
817
703
525
573
549
942
857
505
715
848
719
765
848
570
850
846
581
693
741
695
495
375
863
760
843
538
784
986
499
769
882
821
462
501
982
717
523
688
691
932
875
519
456
628
595
832
930
469
998
532
960
383
616
982
396
714
598
695
407
918
627
604
677
953
870
962
996
800
545
870
949
696
436
708
946
758
731
550
892
906
441
643
554
942
736
949
580
928
483
564
667
787
466
905
724
496
538
640
501
643
838
975
863
694
532
484
604
466
760
990
803
644
581
587
588
733
681
502
976
842
680
435
375
764
720
675
928
898
662
866
567
384
384
396
897
761
415
766
624
689
903
811
781
854
602
650
690
778
948
969
945
406
383
680
408
969
734
449
791
433
425
778
961
888
970
967
897
700
567
481
912
827
402
641
865
638
800
931
992
383
492
953
543
664
488
655
758
754
476
992
493
957
833
424
958
492
929
580
433
454
874
569
767
443
980
851
653
582
871
441
415
418
412
563
575
622
403
905
762
484
562
412
383
474
490
647
690
977
846
512
452
671
827
862
719
442
895
553
716
494
462
904
785
964
789
688
916
710
550
749
912
480
775
577
841
406
411
689
659
807
793
425
674
677
731
463
642
925
436
898
785
988
800
511
461
914
448
515
835
783
615
716
476
636
768
668
651
386
614
505
488
548
585
908
888
951
923
896
926
478
396
647
950
458
716
847
702
444
472
433
890
767
541
375
477
712
721
671
662
541
977
753
744
650
986
625
962
787
596
591
897
606
680
825
784
847
737
679
720
939
769
940
580
909
810
896
561
443
953
948
884
513
737
600
404
791
978
915
476
880
378
974
689
470
494
854
554
541
521
385
911
876
566
700
474
878
613
782
910
499
459
546
979
499
455
919
874
766
605
829
433
808
762
558
803
526
998
388
827
628
742
807
388
582
987
843
598
889
821
871
467
851
660
729
762
623
985
719
554
794
525
955
654
875
399
873
641
992
535
448
626
788
538
408
735
534
644
918
928
664
595
714
553
574
858
886
934
814
621
901
992
461
946
805
567
634
568
659
633
523
444
865
997
765
833
974
453
564
699
595
641
587
785
613
390
455
872
995
931
696
452
747
797
990
902
634
974
669
494
967
755
669
453
502
944
816
384
705
610
762
753
790
962
431
785
681
899
752
682
636
893
580
492
844
960
665
958
841
674
832
760
755
938
634
574
803
967
807
705
733
463
821
877
519
632
610
990
534
800
641
495
655
934
522
564
515
509
432
973
597
873
809
722
910
489
817
873
445
561
828
821
853
988
490
903
620
905
884
855
710
505
639
991
469
896
644
553
809
969
804
885
989
724
753
502
872
727
971
526
956
835
744
399
390
488
916
621
958
799
841
996
619
572
719
820
661
928
445
397
653
437
972
635
469
611
934
747
507
468
816
537
939
856
695
753
686
385
441
947
763
754
566
605
461
500
861
579
476
694
490
720
525
753
696
586
654
748
862
998
705
423
416
907
781
719
441
438
421
991
998
780
507
787
994
502
376
745
415
591
643
707
611
983
377
785
514
710
413
431
953
895
465
589
477
697
414
767
972
883
725
708
596
535
858
984
832
877
549
620
550
440
453
723
541
910
677
738
837
461
998
453
696
742
672
927
925
529
925
430
829
458
979
463
708
390
647
446
964
510
551
656
499
733
785
493
530
834
911
704
432
938
751
766
977
586
777
609
795
877
554
477
812
529
622
939
576
453
739
608
635
993
994
523
887
724
702
415
428
688
862
759
428
760
691
428
998
704
522
964
766
877
887
495
671
774
604
635
761
522
460
607
620
798
562
924
989
613
988
648
748
784
744
393
945
489
821
879
638
436
572
621
915
417
647
474
425
881
626
549
971
434
927
568
848
833
644
812
866
892
767
545
807
618
444
809
522
582
920
700
462
633
705
574
621
556
955
906
598
378
944
713
813
961
746
535
642
619
494
454
468
885
771
952
602
795
764
485
831
592
669
877
519
966
530
983
484
482
949
483
701
693
813
393
408
681
509
490
578
907
754
943
629
670
963
531
625
551
684
799
879
644
414
979
841
656
708
899
734
590
390
645
833
485
669
928
971
805
742
536
505
794
468
792
710
966
544
675
469
428
979
909
762
950
537
627
382
545
816
830
777
722
622
930
538
842
914
524
700
794
728
901
749
959
676
572
793
776
814
374
732
442
733
869
978
563
823
721
743
623
525
944
983
890
379
442
919
603
694
444
646
600
707
381
853
625
977
828
763
881
887
431
927
868
862
778
627
938
793
413
497
611
438
825
665
399
761
708
835
517
989
562
517
882
960
883
814
776
378
382
849
436
643
504
792
771
872
653
658
660
499
612
531
827
716
657
981
851
626
678
903
855
619
676
425
809
683
459
846
744
443
549
991
488
478
400
759
387
607
496
578
691
975
986
445
387
782
827
440
782
654
571
380
698
973
495
804
403
534
959
500
588
716
819
386
525
712
726
376
586
407
657
395
595
481
432
944
541
435
788
933
459
919
720
558
390
704
686
651
541
842
928
521
652
791
401
759
995
393
413
579
753
614
409
491
523
495
654
467
513
932
753
712
742
757
486
443
943
442
606
921
884
446
546
795
558
607
989
882
773
459
776
851
548
643
989
912
416
999
861
927
481
377
598
465
951
659
416
558
736
858
924
391
918
984
616
802
671
883
954
683
524
555
836
840
907
662
546
611
536
768
453
934
613
511
872
993
829
654
564
518
529
973
509
850
844
488
470
480
987
416
765
890
755
376
657
432
709
501
767
392
381
926
616
756
646
982
890
713
999
812
895
773
669
620
732
843
386
481
414
987
577
507
674
973
695
649
380
442
447
502
584
811
478
846
746
592
904
584
734
685
404
980
471
818
947
678
623
900
653
753
554
657
651
455
568
767
723
621
444
391
607
840
694
399
460
608
806
448
885
417
829
790
532
457
891
912
827
399
501
751
490
686
719
932
645
963
481
873
794
671
494
962
392
923
573
874
888
576
508
407
461
852
911
616
784
930
712
772
876
644
378
900
541
460
967
863
767
757
477
707
987
768
632
683
875
671
685
953
809
547
781
679
889
556
418
427
531
401
756
741
740
446
850
447
549
774
509
498
813
674
568
800
989
779
787
911
424
767
813
680
942
797
586
532
949
543
900
959
457
514
869
694
898
784
505
908
900
516
986
865
703
728
773
633
554
377
993
482
458
850
917
618
387
579
752
858
737
637
385
413
809
524
845
947
517
726
486
487
650
507
378
566
424
902
722
516
845
657
999
993
863
928
777
893
984
866
478
732
635
873
765
403
968
964
755
816
608
770
869
905
802
817
475
415
678
979
571
475
645
504
756
649
699
982
681
448
783
695
493
655
789
802
700
472
516
812
586
875
916
845
612
428
450
812
557
792
887
465
684
562
907
933
796
846
476
466
474
502
600
740
636
459
667
658
583
950
439
591
958
942
476
505
600
612
536
686
662
509
485
834
597
386
701
816
943
716
766
854
685
651
437
938
525
931
823
815
418
724
627
576
651
498
419
784
927
912
815
456
854
886
591
841
375
648
775
822
831
621
963
734
555
664
382
656
605
376
975
548
721
779
758
779
561
973
818
434
811
741
727
546
852
418
889
747
959
971
663
639
393
879
611
599
819
987
387
894
770
835
449
707
721
811
869
878
612
920
889
395
837
698
755
906
732
798
991
994
588
570
516
526
765
475
849
395
865
786
408
657
927
890
841
609
620
899
452
852
633
568
398
518
622
489
992
429
656
845
653
431
907
529
477
995
429
700
836
862
657
404
394
874
465
786
406
395
616
662
736
678
437
995
498
714
463
978
949
439
959
965
770
983
410
392
682
648
875
753
798
585
473
920
696
649
648
895
528
573
458
508
427
793
674
835
569
983
514
924
522
824
885
537
796
802
508
384
895
426
610
689
575
707
974
644
574
925
831
553
603
799
830
682
895
920
579
428
901
589
572
681
751
868
605
965
509
787
838
752
478
899
554
496
896
388
440
896
915
772
452
402
692
724
662
772
898
583
743
471
557
930
525
725
620
389
377
811
647
971
885
980
764
765
405
637
786
397
470
647
377
475
704
989
732
930
722
864
737
609
693
768
532
732
632
477
891
863
904
927
895
989
550
941
523
607
563
736
858
471
522
432
636
732
632
497
946
434
840
865
773
807
513
399
774
750
765
573
666
626
571
457
479
864
736
652
794
506
641
791
676
515
445
487
511
519
558
521
477
644
417
945
447
950
409
793
642
560
564
908
581
402
948
570
962
957
488
564
531
971
580
575
398
716
527
986
876
736
417
890
861
402
906
830
613
722
488
542
823
705
921
598
911
378
853
437
629
680
759
938
767
852
709
657
612
476
533
998
684
962
705
943
458
922
695
594
585
378
651
679
683
842
912
991
861
698
646
991
872
810
840
418
934
513
767
838
782
698
376
452
562
728
473
452
838
516
454
603
702
602
809
828
723
830
449
379
604
408
395
650
586
586
843
509
832
543
499
513
923
678
491
703
766
586
649
637
966
621
653
681
534
830
636
878
702
404
808
520
505
987
767
739
402
401
971
884
875
943
587
822
546
623
475
655
983
566
579
471
896
815
523
631
970
888
578
534
580
541
775
651
431
561
965
768
623
891
677
542
458
718
840
889
402
912
929
725
456
986
940
921
740
962
566
868
993
808
871
409
864
677
840
818
521
562
810
880
478
477
505
534
592
949
915
405
838
635
697
744
498
507
878
997
910
395
431
967
506
938
925
712
637
706
896
465
791
769
440
898
662
786
478
465
976
659
635
842
773
901
693
824
942
969
575
721
939
593
739
940
387
728
712
551
950
986
589
599
458
928
836
394
664
467
572
405
803
958
647
978
617
667
980
761
659
617
614
693
432
636
925
929
804
504
580
652
812
937
378
845
488
650
907
435
966
411
998
708
457
572
982
887
644
374
536
525
776
955
599
387
494
958
399
882
804
516
703
709
459
467
500
949
761
979
697
512
953
876
604
908
954
583
748
651
892
661
779
632
880
836
900
538
759
930
729
712
431
932
849
540
906
765
869
918
545
846
411
526
990
496
543
502
952
984
506
884
518
408
797
898
828
495
566
852
777
389
926
839
488
704
923
665
783
756
685
488
925
732
680
730
823
730
674
378
407
588
821
531
525
442
702
434
991
382
531
552
937
972
564
748
853
519
853
894
964
412
421
745
784
450
567
926
629
501
456
507
600
685
790
615
852
827
781
886
429
603
915
665
880
717
882
488
527
776
747
390
557
866
503
865
857
989
891
811
633
952
453
618
892
535
917
978
483
647
905
704
737
896
649
388
570
774
840
450
378
505
773
934
605
530
897
899
898
870
592
886
470
837
616
983
817
529
708
500
564
912
785
990
626
773
906
469
776
750
768
529
381
810
546
546
873
945
383
984
399
736
573
592
687
740
733
893
762
453
652
709
822
681
834
975
668
657
416
856
976
396
738
952
460
857
780
885
379
877
992
717
817
698
739
734
548
837
688
998
756
780
475
743
546
699
830
912
986
931
975
618
617
842
652
763
931
923
952
379
686
408
691
456
391
892
817
920
422
750
889
727
950
440
445
663
480
682
577
754
877
985
602
427
376
770
894
613
728
991
871
644
468
964
574
637
616
887
994
530
501
725
581
789
918
466
760
881
664
829
597
519
649
836
587
903
454
480
524
459
594
967
546
462
393
625
392
806
801
473
440
430
458
876
864
462
770
408
515
462
611
497
410
564
648
555
847
734
556
869
781
395
569
516
635
761
693
393
443
605
481
484
646
627
538
805
374
890
757
948
687
599
878
622
899
641
795
527
665
599
492
678
688
877
869
683
769
685
489
965
660
477
696
692
411
419
771
752
640
545
913
376
641
828
575
429
376
613
843
643
485
379
862
613
813
751
706
550
751
454
374
490
789
914
936
409
898
675
963
949
449
487
820
558
921
493
876
670
880
778
561
842
880
954
696
562
781
659
775
982
447
601
732
429
703
442
782
424
846
734
584
992
423
727
628
590
916
735
677
994
479
449
498
390
515
378
507
469
807
719
520
470
541
673
504
392
920
896
522
389
845
801
510
615
546
540
802
660
582
860
917
696
916
480
976
721
768
562
795
430
791
596
653
767
797
574
817
682
489
807
643
506
790
735
583
912
906
914
993
514
446
793
813
424
658
808
918
717
773
635
798
598
851
884
954
682
587
428
949
700
914
565
375
625
766
479
821
990
522
594
396
462
722
480
870
619
732
657
599
608
499
722
531
498
400
494
833
922
681
579
925
770
786
504
614
676
498
382
794
873
663
751
639
660
389
651
588
932
512
438
981
614
938
519
762
782
757
800
527
593
462
722
849
722
656
516
592
420
806
402
556
962
814
757
842
754
970
392
578
409
791
604
491
854
886
859
374
411
612
960
667
759
824
560
566
723
565
384
714
811
647
665
461
506
632
555
490
530
397
930
653
432
746
781
665
374
970
661
932
807
508
515
763
695
642
774
906
729
885
645
929
463
412
418
383
705
732
949
433
949
572
549
463
991
566
388
427
959
392
401
728
455
643
903
703
574
389
774
442
631
387
485
785
949
743
730
909
921
664
916
937
577
928
653
491
499
699
567
499
529
550
823
595
501
465
571
763
718
661
886
730
756
728
472
424
964
695
420
455
578
758
498
850
565
711
876
530
611
622
528
884
905
936
392
613
598
591
789
590
724
687
520
422
725
467
886
657
924
987
402
539
414
624
891
718
663
377