X Y
1,1669635053409317 0,005900157640314818
-2,8798612866564897 -2,678961862373966
-1,6469351507121606 -0,9154089664819755
0,4366820658136206 0,801264954891348
2,1210118683338255 -2,2934949503212447
-2,235042531248492 -3,6899889037326243
1,554167650200088 -1,0776551296527728
0,2560361564465239 -2,1960001846040056
-0,7563360498901097 -1,3734423754359488
2,0374355035120386 -1,815988996128546
1,8317365650613708 -0,0308344598485224
-2,131412146336537 1,036965317843726
0,9137677859816011 -0,9386198489646324
1,0112741628952548 -5,439718284054552
1,8902489721070288 -2,2581554161649433
-0,37883540958491724 0,8646137574386219
-2,2146665747511713 -2,4293220936689104
4,258025268983683 -1,4211269351627842
1,3988311230573056 -0,6962611328665828
-1,4672143997433045 0,7205555417333129
-1,0380447194102351 1,32591749043119
1,6984590538743989 -6,2967513498621
-1,2755772218531236 -0,42826668028240134
4,140945461336903 -3,3534252021297726
0,9462703811652118 -0,6068185113738733
-0,5820448165007132 -2,2232371815711955
0,4904255957329007 -1,639460895472345
3,0165725497838127 -2,00505243548467
-1,9339215166109298 1,2483942784042719
1,2841894388813753 -2,5705389355912187
-0,5383821726812917 2,6625360642312783
2,7223568954889577 -0,739152773539422
4,4022162744002 -2,633704790961715
-0,5083066219681363 -5,503548025149063
-2,8790881066712397 -3,874130464278703
-2,9132273465190317 1,3281492684900078
-0,4861759210756843 -1,7885112427508598
1,9751169044492516 -1,9958676124807064
-1,250774660872298 0,9710138853282215
2,139955899955865 -0,6731950090875486
0,29221515951470617 -1,8544012622467805
2,972620140051105 -5,865359453300885
2,0716141723586277 -4,852340623486095
2,7074021057281255 -2,1486185083573757
1,4633041415593153 -3,4588813893576655
-3,6170367368520018 1,3189862170800164
-0,07652874497769169 -1,268976732136896
3,2020703326136513 0,9785938469638351
-0,6770093711263889 -0,4934117354783061
-0,055389740845376345 -1,3334066941084517
1,3607564256089586 -1,152470499670378
1,1055959434155564 -5,028322021208247
-2,174266266934448 -2,493212517133044
-0,9357495776053515 -0,666892090583512
2,4616291005941853 -1,638370376365351
1,779956017732082 0,05690069058038927
2,6654167086720006 -0,6781200104798938
3,662505536728232 -4,738187989427477
4,304611481811733 -1,3293706744475862
0,7660705890153097 1,465391697060678
0,8431813701138618 -5,463594506431757
0,47332255258162853 1,52150041553642
0,8320184091343247 0,8641597923133131
0,6990748115287502 0,15611251443132357
0,8370954899196481 -2,953327193122921
0,22104010038871127 0,3688358053848333
0,4741304502747513 -5,133798892319565
1,0964472898072417 -4,395098267868121
0,9114913503576163 -2,7347957326024597
4,331387607687985 0,5945024459892623
1,0587753529407284 2,0759718907496634
-3,0351348524443553 -0,9151687755721607
-3,974961567836658 -3,062046810551882
-0,8855930020221698 -0,3153061061998752
2,656120388057801 -0,6358664144562117
-0,021272331667804845 -1,7509112697733613
-2,3366756794345047 -1,1052212251139801
-3,170167787783388 1,099907655260659
4,531991338395132 0,749746989680903
0,39043150310301855 1,820624075523365
2,0926514044400806 -1,56086717630019
0,6061782523266509 -1,2491278013551896
3,9089969566152587 1,7852615287855902
2,8514698142596413 -0,48370070054367487
1,1232628514345313 -2,8481347624229025
1,3464628184794507 -0,1826170856950753
1,992820876647077 2,28540084240636
0,26930727424076395 -1,4419806157013824
0,4124581912506873 -0,9675787507123564
-2,21899585227688 -4,101456840474764
3,9507128948093766 -1,8671044964662753
-0,39146478693271847 1,3113775939819843
2,9580391818227647 -2,143813274218477
4,359055065715936 -1,479108787270626
-1,208266109581817 -3,1518868239522515
-2,4507650862547643 -3,0421008580764415
4,743260890554337 -0,22460311845785563
-0,3285778238099285 -1,7511136721140765
0,31388853094862684 -1,4319163448343133
-4,307584817181926 -2,553286100830785
2,6676114080726427 -2,635588547809537
0,8883161547533008 -1,1439129618605892
-1,5602270744498314 1,4957877012514809
0,35040084401571475 -1,6745638794315183
-3,6685983481569586 -3,3592292755614093
-0,9544270513203728 -1,6772037289151551
-2,7127372062073465 -1,1715180799388494
0,05472873980469495 -2,6954960341201897
0,34898446790001897 -1,5919236120962104
-0,0966059361022587 -2,2442725822005283
0,24296941298469765 -3,764332016528719
-1,6230490869793721 -2,1986175271233206
2,9629943812746093 -3,696804686354808
0,7094162509444073 -1,8624606813252444
1,5969187503524718 -5,030885627219728
-3,197142214671253 0,11300131633619714
0,5148529025627866 -1,401893839616525
2,214874330894853 -1,9015461014391215
-0,9974185918820162 2,9934552975855713
0,23969509428277352 -0,3516324936413584
0,3204619312391258 -1,630422926630294
1,2483431782242684 -3,6515195007323844
4,040274494401023 -2,419637614874487
-0,3832398434691301 -2,919464571150339
1,012761551205449 -3,103671432342741
-1,490980886667522 -0,8710957022482471
-3,5490222758978813 -1,565186289443449
-1,058277514573634 -3,415365740504262
2,585785249933706 -2,1977205365550168
0,8629345031246546 -0,2725716893667771
-0,8587122669249183 -5,066088923869376
1,4804114300195412 -0,39300967750952176
0,18960686622113357 -1,5222561715101448
4,650450325503142 -1,970233015021317
0,048125588454042356 -0,638659587790234
0,6587990690891242 -2,7308888086024297
0,5979145050927732 -5,006049023017921
-0,05547478242263171 -1,3619325436475402
-0,6454621190290547 -2,23423360568767
1,625870458176834 0,5590777271117262
2,5688996940596622 -0,29883058709760646
0,2091316610853647 0,12180294864722252
1,3428910956943838 -1,9774279130598693
-1,781795172027251 -6,025223116051035
1,3752958276028668 -3,4723174859848216
-2,600649887054269 -0,9910569924388662
0,3690030618463768 -1,8313942075878216
1,9461249976650155 1,7152032017952732
-0,13833514297755578 -1,5224274977601644
-0,9201961842954192 3,1149215544450843
3,210280568597752 -2,245883058976752
0,4567664266226936 -1,995040222804773
3,0043512446101412 -4,082890675476293
-3,7011338033902064 -0,96916756531755
-1,7044247607701433 -1,518037471053014
-2,5629313906037963 -1,336867822721136
1,6370893157222695 -2,65028017142117
1,1128983630862588 -6,011668412758814
2,141053476740502 -2,9978755172003693
-0,29536295671691437 -0,30856219724132106
1,4341616780282285 2,874357263891693
-1,4015236501588846 2,2977691929095654
1,5493667668966757 -4,040888654055866
4,039849431620431 -1,5590247853769648
1,7119446313648674 -2,543868454275386
-0,0725356849232548 -0,729946611897205
2,9523824882836602 -4,522949843996438
-1,0130181838688417 -0,6666953164471692
0,4702908403991498 -1,613599334129051
3,471735020818722 -2,460269397672005
0,5696304169226666 -1,4024251055239263
0,22837030686052556 -1,7884251216746436
-0,1895673466448714 -0,5957651909125834
1,0581751571627365 -1,796989246788324
-0,35923487128520926 -6,477412938114174
-0,9392205987010003 2,901876692193394
2,061289595877175 -2,8699695957970093
-0,3155733773649363 1,290767495912922
-1,3298806464295678 0,018690502955436283
-0,08644880608474059 -1,9152344135406665
0,6580066879759885 -4,925763408511742
4,2547509065460805 -2,678505074573037
0,7403860276368807 -2,7991743098776083
0,5898654275712234 -1,6141082458990776
2,011249962506098 -5,260487846629177
1,6675595043008173 0,2955762786193312
0,5395290390082936 -1,2828183852187052
0,36119203445648856 -1,6318032758828949
0,4401743341039579 -1,6047934106051462
1,8800794563878598 -4,081329328804965
-1,0699793747340014 -5,294576531598199
0,889492688053278 -3,5248124228757147
-1,1680913578431376 -1,649675679841491
0,26159715032049735 -5,381630854080937
-3,1680671287431585 -3,744099320359334
-1,8534051576375776 -4,281517870729335
-2,2955928609370484 1,6644368906399296
-0,16696105134670158 -4,200969054093621
-1,326814751467338 1,930859572795078
0,12851414083151694 -0,9166266325646987
2,572628792682409 -4,867602038893851
1,3978854308906068 -0,54104277275808
-3,7122697053023774 0,859815011391222
2,539072029058126 -3,978708698789211
1,0403992220806966 -2,536029476049814
-2,490476236047987 -5,399911430097863
-0,8726081377128907 -2,0054102183885467
1,4708152925962399 -2,9343410793490334
-3,847997537750536 -1,2787215378251844
5,235975781197853 -1,4237255547378718
0,06542071569994623 -2,1681522931564046
1,9356275016881979 -2,2225127134690634
-0,00879745342668875 -2,454996878527219
-0,4986522554852313 -1,0476779094489825
0,25631796533542467 -0,5063873851078922
0,8101777498706486 -1,5031425155535114
-1,9120256414403025 -2,3414196034698835
-1,953790876610162 -2,5253980175182025
-0,1357588612577243 -5,7687763230084546
0,8284299879882533 -3,0584996117784877
0,3595781465941346 -1,098961604145967
2,196619232841244 1,840210397357184
1,2576139683946534 0,4164939801875476
-2,8874214503363946 -1,9868050490734086
4,054818230384649 -0,003955630956067768
-2,729729554804825 0,16478494062951743
1,2114482771312751 -1,6744998904148582
0,023675579902445454 -5,043637461187652
0,8866847653884407 -3,8449007384599794
0,387229914884514 -1,608822743436324
-0,45173823221583786 -1,2717794640709248
3,6547070118815443 -4,318103439228889
0,9917160532727443 -4,367063818500277
-0,20293161270585247 -5,19626804933926
-4,126461002298319 -2,3574685912765676
0,561326404405468 -1,7594826188657513
2,686760434215774 -2,28783367737085
1,8446943134855638 -1,3607977980687265
1,8451748028807957 -3,0077003621164735
-1,6258520527219853 0,23573536865929134
1,51354725538039 -1,6955385287779126
2,9861994153957676 -2,9742405672836814
2,4908241131813207 -0,15118166130227917
0,3887707154109101 -5,793520706045299
1,6777372623207956 -5,861456840810146
-2,7378231618336115 -4,517225933348903
-0,11141324178534961 -2,188911170128908
1,9681722213003203 -5,622883295278697
0,4078200651775189 2,021462177669429
-0,6792194853093159 -0,6807870421855828
-0,46205889001473655 -4,73949025150567
3,2517552530133482 -1,3898283125062285
-1,7785889015920069 1,81685984761593
-2,163968161915529 -2,8170337511433465
-0,7495583326343283 -1,249750063456765
-0,9971103265377426 -2,3840496531049475
-2,7842765643316887 -3,244700706508313
1,6102905570068442 -1,062756641092271
4,524077247488261 -3,549515514548784
-1,0285202402017488 2,0383256976690256
1,3485772859495313 -0,29382147757310495
1,3668400368617126 -1,6240871564850579
0,7476671687397569 -1,3396320730719646
1,9644397232647697 -3,8042730974074375
4,725871139363114 -2,590121048505153
-3,0660825384194323 -1,0835843603340907
1,5345454701383505 -1,9224163335173585
1,7871389563593538 -4,634627006873764
0,6692735306598452 -5,175171642915023
-0,4813119608268268 -5,48809276152471
-0,8035840878553742 -1,7998449994058654
0,02575854137481559 -2,6696341405804516
0,19529022600238263 3,0199508442094656
1,624695825810269 0,4750263651574147
-0,8219530850285053 -4,942520843049506
2,3064460469796475 1,1024409765979692
2,570045583426738 -5,379952869303967
1,4828019396248822 2,33463932671243
1,6969124735722898 -1,471659904774679
1,9956651435932833 -5,534649890247984
-1,1822418728432627 2,659048665573974
-0,6768558705954706 -4,415591330844597
1,381497046824194 -2,697217659226224
1,3206654436372744 -1,7605451033910022
0,4390580490471474 -0,061587681102109215
1,3005809489188844 -1,9539904941765567
3,4964563051499176 -1,4369794277356553
3,8918236220898224 1,1380115653323606
1,6641364114415957 -1,5841005429212585
1,7260565113046467 0,3547238582552301
-3,688010987400136 -3,0142294248700603
-0,42658802555937736 -0,33841237019021353
4,1180644716022705 1,561059702677749
0,5717021145030694 -5,050081812179876
0,4934086068852579 -1,4239382341213596
0,3577038712212391 -1,9262116693076687
-3,1251908873621015 0,07112689863463806
0,7620835588424688 -1,9951680896586268
-0,9626144740182687 1,5333741222798891
3,2142160190102764 2,14802569377167
0,7023762098451977 -1,9335906463365273
0,172567348998029 -2,0902842169626012
-1,0457037245294167 -1,7434455487969271
-1,1754154946410138 -1,2367895614802933
0,7970027635036405 -2,4395215153590666
-1,9960556896780286 -5,860898809987165
-0,5483281126518152 -0,09255263583443907
-0,047532796466393634 -4,064707090709084
-3,421689874881323 -1,2420115694692608
0,3234167137250529 -1,5379274388249176
0,9177722888591262 -2,1564415871621736
3,562093191913264 -3,5239567687447133
-3,6657824476084464 0,091055027671471
-0,728229714567018 -0,920671565781955
-3,7481967944348034 -1,984218746627178
4,390551191037409 -1,2766003507138497
-0,5295716045448942 1,7809448850570408
2,4329084773067557 -3,3361541205562015
0,20620887825437595 -2,2255149120742876
1,7769268522514456 -5,083332306261676
-3,2296391836118237 -1,6830428680746692
-1,5789575902529323 -1,9077567533335678
1,625076319287861 -1,1450120074554249
0,9138052638868024 -1,6140861953413062
-0,5182885520442005 -1,979319790094824
-3,0622599398565513 -1,5178514797048577
-1,229966559872203 -3,5094436034434557
-0,26778155170450635 -2,07328340788
0,25267674390711137 0,4495035861145449
4,968502901866713 -2,061678515269347
-2,3029718949542706 -0,49541186879944177
-2,256410320891171 -2,107081537570744
0,9502882860587613 -0,4862271300267782
0,8094503873735943 0,8524028084387214
-2,9514298644726455 -1,345514668531056
2,670075489686424 2,2681221557052758
0,2585892910951606 -2,588021897009778
-2,351624754254769 2,2483925394876527
-2,990369538887346 -0,624412918177091
3,581613397345338 1,7799865651836733
-2,889529450840911 -0,4975758014178131
-0,31372378206461493 -0,7499836932437962
0,40399920440794823 -5,643110218288876
-0,6449168425963926 -4,960640780894542
-4,35607355306825 -1,3274475107197086
-4,157609889564113 -3,5840095767905997
-2,1566082896058907 0,3581178345511862
0,49049652116585674 -1,5562022812289595
5,11242227361997 -2,5834721035891905
-1,0733104942756095 -2,5453851126312363
-0,9545117780648755 -2,387254753337786
3,5734738910760813 -3,813333121750098
-1,531248712721666 -1,4123189446771993
-1,499160094061397 -0,9186305010925698
-3,1947551616184073 -1,4004292102506728
0,2900163673421854 -1,6677814009766505
-3,122133412647909 -5,04261239019498
1,180310491431816 -2,5515336069181607
1,1073826358625296 -1,0169167173861333
0,8392080090451686 -1,2752077156124015
-0,4735330225563539 -1,2918883697444963
0,27412196566309777 -1,598861002879544
1,1565312641053538 2,901635911616828
0,3504390155424384 -1,6657339059554297
1,0514128770118734 -0,16062397451671062
0,06414098798971779 -1,4294743583317573
0,44732510756409294 1,0853072629566491
1,9594219649462539 -2,7705396749864484
-2,3260537260099525 2,5098330070790524
5,0291809983723805 -2,1442262500809055
-0,5889612643685295 0,6377554021182474
0,604370563306071 -2,5654223112234154
0,04748042358661814 3,2644254893018863
1,055911619837226 -1,6255791786920428
-2,7689757198412184 1,0540856754600672
2,2417040698966657 -2,8656572953318435
-3,6657198565613927 -0,8961187872630383
-3,355637031361704 -1,50612095152793
-2,5869743518915977 -3,191433051184929
-2,7696897097940933 -0,053395818136005246
0,2547911887505818 -1,5636426273201207
3,045586032773632 -2,902118003046552
-0,054287655467871676 -3,2369613236051844
-1,7505858657604825 -4,7572459475630815
1,872090388907002 -4,681992161718051
-2,5052374312764605 -4,573351952432279
0,5987371902391976 -2,707444777259033
-1,6423317602176468 -3,777704078300572
1,0373207848362174 -5,156087266244439
-3,7915577895514208 -0,5822281023602431
0,7900964779375768 -3,4541372556041354
-0,007791066770391208 -2,74135187702535
0,044734670430958245 -5,081356680659303
-3,8508620273824263 0,908739207872324
-1,717753428247212 -4,191786992577038
4,785908164047866 -0,555340975813087
0,7914998774138737 -2,800071874593776
-0,08991185892542447 -2,2842258235971253
0,3879273563405945 -1,6147234666157777
1,6449703119863728 0,26161647912342856
2,906986677949805 -1,0150988259879865
-1,4194947122377741 -0,640749731289706
2,834243964895796 -0,9875708920425182
-1,7696234277448757 0,4150946639485511
-2,9946791471380063 -3,432700711469079
3,9782940880305033 -3,064904520497569
-2,7436272241572888 0,7970138092372134
2,5662016642218353 -4,1755037581095165
-0,36477210426632833 1,9880498039950223
-0,8971482697414845 -3,7358810299788403
2,3395492609467343 2,3356925890603586
-2,3048434149470562 -3,4120169944487975
0,23531080949115213 -1,6931285634484607
-0,6214379075986454 0,47321372350585644
2,9879641169553803 -4,376045273274624
0,022094810138680754 -2,37758215064962
0,21213169988337913 -2,1140465901437326
-3,6001295457594797 -2,1514029840375697
3,36513319052631 1,3862360869461017
0,9089507768912706 1,4552083298484968
0,2984245296707254 -1,9795452088654981
-0,816935903934741 2,5487860366162014
-0,15738656875879264 3,0835878885099026
-1,8709087664603463 -4,350723066101748
-0,7514637982054699 -4,224231841152772
4,007772683619676 -2,4169095222960806
-1,0147792500568675 -2,102477311708946
1,016602626725251 -1,528917320239619
1,061613249926706 -2,397855879524891
3,21554169417989 -3,3065193760806437
-2,991131817819026 -0,4932478016853403
-0,2477787971443849 -1,205517384613729
2,6036240599928626 -1,3812664202037697
-0,017969939810870694 -2,468337135650624
-0,7342561721246437 -1,322035335653654
2,338195619405394 2,1241226275929534
0,7202153399298103 0,0236590620451671
-2,4051568473210354 -3,542057884353918
-0,7203116166095989 -2,6934613377338996
1,9065816398328326 -2,4655087494476295
-3,7122224045712464 -4,542898230444401
1,0139723131811247 1,1563332341911288
4,064884110239464 -2,656954920711428
0,11209795915544543 2,563712741925003
4,699179360174574 -2,9802833792052867
-1,7565584533377931 -3,8391900382438173
1,005144660820402 -0,5374269929713567
-1,7682633227085356 -4,660255657463967
-1,593516192857538 -2,0099718360614838
1,8305297966661642 -3,939198013283004
1,5881504828225685 -1,2895356474684656
-3,2172623550985198 1,491686793137022
0,2517262157056925 -1,7755764816190418
0,7629169744231701 -0,8613931633623344
0,9504508229115883 -1,7481808466140154
1,8403848636134412 -0,7415908270235301
-0,47548201273595136 -5,811229387165463
2,8800552928936045 0,9942087479618729
2,120039986768133 -4,235031997500965
2,225881861757142 -4,416616509245865
2,656600289120006 -2,5291392589124952
0,6299482490436323 -1,526143293080448
1,1557285746601003 -1,2686156020499313
3,1717021195575152 -1,321029321678732
1,3190677268266127 -5,23432420566765
0,3934341678091505 -0,056905990298113274
-2,2129616554470624 -3,9810294244372058
0,3889171555229467 -2,136931892562638
-1,2626771792194438 -2,8213640109285487
0,45521358877275053 -0,8253805717259867
0,9046453652832878 -2,4536490760637197
0,9601778466676337 -2,097267908623828
-0,23300928913206276 -1,7292629082886541
0,033243547148431474 -1,6795421612936066
0,34568540893705 -0,43061227480674447
3,4862226346031524 -1,8385263968360193
-1,9839790230249936 -5,136721763976814
-0,7967661427002506 1,9420034057757714
-0,5168309867298982 -2,1773514062479027
0,707971876441065 0,38088936597834033
1,4634700792422215 -1,5790738748567847
-0,5512181705991751 0,1104732252000642
0,7987222659039113 -0,4702111467639922
-4,386535795325689 -1,8297274673978874
0,8672287868418276 1,3206576157890524
0,6763315369196138 -0,01823243038724831
4,3026327491244025 1,1871252145239284
1,6869440145702337 -2,3178550414537167
-0,1202081476311952 -1,301267130520951
4,900809495112605 -3,4226759038415584
-3,7820729231148205 -0,826175213739336
2,740466274811982 1,0400197124070978
-1,370308138653935 -6,181877926671713
0,23224720889309636 2,187521642190452
1,2808462936339104 -0,9979170644449439
2,542050668265281 -3,9095344051306973
0,3232023713706204 -1,68715085115155
3,1698719369135304 -3,3411892960690155
-0,6194608060862303 -1,1501217001577646
-0,9957932202682964 -0,9226317751934399
-1,96418767921638 1,3892816460510353
-1,4112211481087347 -4,85472046734516
-0,4410557637985353 0,4205474442417625
0,20163427746241247 -1,2536894771853717
2,528108115053542 0,3658342287035996
2,7542413802231627 -1,500725284049799
-1,4124122302662012 -0,6487398706882936
2,327185836814229 -3,7982653514271303
2,643285111591105 -3,954867079451376
3,3690898179190336 0,5158055271471595
-0,714774046707825 -1,7250297099527756
0,8774818234353504 -1,8035282316164978
-0,5277126824742466 -2,295702911889771
-2,49906219247199 -2,9326577353649026
-2,719183082687934 1,4695278177838076
-0,9996464242185319 -0,3983919385207546
-0,37624222823333353 -0,3633219927344231
-0,04750845795354386 -1,4522627196557172
0,1410162536002779 0,5922733047234501
0,2335621662665144 -1,4586962093428455
4,021315599077605 -3,8584456097627435
-0,5469600134191251 -6,130198101547373
2,610901461704107 -1,757209532120215
-1,674937493456723 -0,9579213797443275
3,505741152870271 0,34973978402295125
1,3019219748267716 -0,9654214159680179
3,3915229059588268 -2,8385537556265446
-3,6632849894638655 -0,47807871829798
-2,2175045125406827 -1,5616766766877377
0,1002288129170616 -0,893636747151709
-4,016258209369554 -0,12576142494134146
-3,173400388999354 -1,8494059581962117
2,9765911995864522 -5,120744834171962
-2,190461721349343 1,6077619448534834
2,536945536265059 1,8078161816757956
-1,0446432204773701 -3,5407427273493237
-0,754489448811007 -0,717524091259234
-3,8474350489135833 -0,773862258424487
-0,07807163991415211 -0,1796544402325042
-0,19286905606598115 2,9519436850002423
-1,7877743974815519 1,0080141213008624
4,28221030125526 -1,4761111944572225
-1,8781889839613406 1,7152626527669455
0,7085454658923658 -1,446200005506845
2,9239273226585314 -0,5186649513454704
2,5782392022769125 -3,4038182191125577
1,504715199958067 -5,684541400123869
3,4460810627258 0,41097207026101
3,7479838345433674 -0,5129051601323193
-0,08211180767664422 -0,6892691149917267
-1,8651952328431434 -4,797375313391582
2,1446699062253014 -2,0656567962162393
1,0617443403390183 -2,3085525896600063
-0,6470714388966314 -1,327205358829513
2,3943738260114293 0,753790431878139
2,5139140530011144 -3,370911355327329
0,3301280880322128 -1,7126095350373445
1,2893522186857835 -1,341558751727032
-3,03161674998571 -0,9411966278601729
3,12066398357612 -2,474431497790259
2,715623062550694 -0,11415057063422385
2,7373748168951155 -1,9811298805311928
2,4196154606433433 -4,50362601093589
0,6295125925124405 -1,3734637582525844
-1,8569341442816576 -0,3917630460781496
2,865873717974417 -0,39897876462683324
-0,4222495480792249 -0,83673009521141
0,7041638726223409 -2,0401793116153275
1,5974257391937596 1,5178130665095786
1,5452445444482197 -6,222837425671296
-1,8962498024405954 -2,254102055752181
-0,8751021991460395 -2,2563805417054477
1,7966395986550765 -4,543395136812924
3,300023525130422 1,5992908573584539
1,766664703761632 -2,785785450419538
-1,6565278390944207 -1,141334201813557
-4,314719839540565 -0,6805037265428009
-2,228215885181186 -1,3203656875934604
-2,5569381946000727 -5,537943065151166
3,4056961530101684 -4,261704671029796
0,7273617573291937 -2,1045758214142074
4,2544901269071875 -0,04949263050152375
-0,28757733794269036 -0,8447378012127661
-0,40229719215475535 -5,060642239450058
-3,637741899655971 -2,750973993929195
-0,09455518351085074 -1,2086127578706967
0,030181348003782305 -1,4221201328904747
1,2595118014331357 -2,61516090272249
2,9146505245111487 -3,654898308799922
-3,426007003515289 -3,805066239779281
-2,862279129789472 -3,866174765989292
0,8962669356214978 0,9077125468389817
-1,5536302507457067 0,1886086416279682
3,830547828123726 -2,164359941017805
0,4101872198231751 -1,6905889287141742
-1,2102042547522707 -2,9482955972890776
2,011422978308592 -1,5596241597717404
-3,2732925570024007 0,18692860448279203
2,3135046795007543 -6,114420166890028
1,8770272187882326 -2,589829985808485
-6,634122620624628 6,510438722827614
-9,376074916753275 3,4361484661090653
-9,300069630260454 5,225492239161598
-10,199090101180882 7,423696707889155
-5,174499972550725 7,4810775554189135
-2,096517635455318 7,784651098557757
-6,627483544288578 6,921981698638919
-3,849212015714795 6,648034309067458
-6,0779962015974585 6,957391172079698
-4,177913884084191 3,720431650180031
-5,956834504366909 4,512609996656606
-6,219051572568949 9,44831032640585
-6,864816532654858 5,054344644846924
-6,283371009642986 6,344901195512859
-4,444474206846056 8,475964214411748
-3,5953890161675766 7,938317036842292
-8,431862815579144 4,0442021091730584
-8,319806296096488 8,737217008603743
-6,857029283253931 7,463803561645691
-6,082901786710567 5,934060614192297
-7,239896697959935 8,125916389700928
-6,457912065697796 2,1461229836860847
-10,700355815373955 5,298142529288843
-9,706438359645215 7,7056621224108
-7,972284043700303 6,517899887010178
-6,385138449838852 6,85049333321867
-3,6885218551301273 3,6547590330714086
-4,614846125014347 8,047137963150394
-4,590943477572816 2,0609270466952827
-6,5476340522405625 6,3530629437116355
-4,278973626943648 5,124872234000655
-6,2087738349714545 6,584317044042192
-9,764058986580896 4,945230454153686
-6,51343099717385 6,606173511453555
-4,160061785479053 5,475474856423579
-6,811868881430038 3,2136510468062482
-5,594707883522524 9,913440873203388
-7,730816571553682 6,723156683248786
-2,231581934233274 6,982727731732714
-2,9905896044764138 7,9368938472439305
-8,19696690416626 6,10799036879017
-9,53750734519893 5,917187975608228
-8,733815656535619 8,762619269712262
-9,16976371782082 7,374327869403488
-6,022089093149607 3,8498560591233444
-2,7822686875932634 5,624426978881249
-10,692726194479146 9,198126189212694
-5,5963428411145015 2,711410018837071
-6,365124422901439 3,5661620055866647
-9,027030326821116 6,382231877666281
-7,086168054747797 5,7674777481105455
-6,473154914771671 6,570411323189615
-6,133168731465862 6,225906115433336
-4,701535805037644 11,071413055867023
-4,996424456010647 2,745405048646899
-9,715515118175198 9,089528821519572
-6,732839599067345 6,592090495678627
-8,95959545578075 5,88275522424961
-5,686610953534074 9,194875335420527
-1,7078302902451838 6,6767486672409095
-8,802950258735557 6,43869735860384
-3,6952760268571825 9,9795291715083
-4,398661493203233 9,058606944781733
-9,131033142622037 5,768591918419836
-5,579403002238615 5,476619584744249
-7,083972945635269 5,6648995408275615
-2,763957119212842 8,78856338744646
-2,7066580575623527 6,713861653346329
-3,303639086080334 3,318594769133958
-8,515517700221237 4,5040100282046645
-9,32990301006466 4,290350697208635
-8,91545916274367 9,69465075835623
-5,869431307699009 7,970944506205273
-7,40057265392318 9,762890513237906
-7,013680016601677 5,592653021944265
-8,105592084550675 6,282482734534969
-5,2594179319503604 4,548677032386439
-8,313974137645268 4,156745337686461
-5,425852414653046 2,1659983450769777
-6,831065568134178 5,00436721031449
-9,341202581995471 7,297945488685445
-7,956459582823157 8,080693713798077
-1,9767755490716779 8,115921554276541
-4,545339400155666 3,3747796885469548
-5,17622464306903 2,7659193274694727
-4,309058939390239 5,11372497003862
-8,689093868693604 8,010434192786636
-7,445495281010818 10,457858747545867
-9,191881063502734 3,1076163160045236
-6,512966800494318 6,787954298931746
-5,658951647378362 2,4918949971613893
-5,852669375525136 2,7277868282299145
-4,12157410757613 4,698848974132291
-6,527622278011697 5,899509615918975
-6,4175883547204275 6,521330955436312
-5,620993220604801 6,289362910150373
-7,107697885298977 6,053037832919749
-7,856168668172397 2,282695428790589
-4,259505029816477 4,95755252432594
-5,6032230012343 5,915444174891154
-10,495913974716803 4,659941589308765
-3,40349122462324 5,242284615918987
-1,87665448748416 8,085077773404308
-5,4197149857461815 3,885482471190165
-9,169478161213748 5,926975745353284
-4,96764293395606 7,9975571027624035
-6,650446229378583 6,971252265083134
-4,85372630738191 9,20155703417426
-6,169288500989043 3,1323965113712053
-5,30517235643964 7,309831794548202
-6,677148011052315 6,617665091767281
-5,26815273903467 6,201917903893861
-7,000753364960627 5,922160798567041
-7,377465348527963 5,304453515033011
-8,557856080821692 4,850851043841541
-5,232186798499146 9,986502319651038
-6,570700026872447 7,8323261759606515
-8,237451112611216 2,27955549356553
-4,2362987695704515 2,393658190673303
-6,773804374170787 9,748737850635214
-6,456836175571396 4,68750764333127
-7,698383755336412 8,565458256135683
-5,792970580823677 7,131850583511116
-6,477993677508795 6,405836891403202
-8,383214568640497 3,09958218976593
-7,266240501390876 3,732366284415788
-7,773036823300071 8,240400420938338
-6,118152905338434 4,908802041118257
-6,046857491154348 4,3516606178524615
-6,910998573987217 6,44085496802974
-5,5735976756414285 2,099387634309715
-6,644776012397135 6,454722571470673
-9,005332430354992 9,576057446372984
-7,725960927077331 3,7417309846032567
-4,701556204272482 8,233598849529598
-5,52640711640111 5,531616357283007
-5,7158159904526356 7,569688241993587
-7,09180638365583 4,333617530177886
-10,341629941979317 8,63994254367125
-11,274259931696271 6,26007339427916
-7,3624136132347555 4,685295604688433
-7,599290220963251 4,359766321997085
-3,9303230877392954 7,52921291589175
-5,311778884898524 6,591711935734336
-7,273286519799031 6,759916888916071
-5,774049612502672 5,942766526749648
-6,166345313244762 7,779193145559809
-6,242415159752699 5,681042913145587
-6,807086719077389 5,071695800267741
-7,061707655199601 6,060832072518915
-6,796755317296359 6,573549536130687
-9,783709599059119 4,479719914032415
-9,305993792750499 9,436268782107852
-6,0125610712186575 1,6228752854235093
-8,997633064254792 5,205723166827383
-8,134358436053327 3,126295798735099
-8,140325389995699 9,988154625220513
-6,18284370533466 6,6312152550214325
-3,2874766613554547 8,52025966968502
-7,14564920161552 8,198554507147355
-6,733314897954895 6,298454620770522
-4,1175430632433905 4,3192901419321
-5,309050948952396 5,188132293009147
-6,5741117281214 11,270228724511082
-10,785622358247931 4,4136330129310135
-8,537423133822479 4,489647465173002
-10,443351081833589 7,056528457338588
-7,501039981978177 5,663106445412586
-5,65757999025471 10,581842191163961
-7,6477052228953575 8,399881690059393
-10,829550762346038 4,995366291794813
-3,5693966705492652 7,595456211751687
-9,748744557290323 9,09303985918178
-6,420350621099377 6,529470379832521
-7,925797845969846 3,0993799532905206
-7,0935766921548 5,707617644288753
-7,514092206240768 7,864978952308355
-6,656962724776305 6,605470865683584
-3,7987657072669996 3,0212102877975133
-6,554062323339308 7,05272622937364
-2,4337813363081455 3,817657522508342
-5,648090051698822 6,400073570227335
-8,429417552232469 2,801159218486446
-9,954284303031482 7,717309673873197
-8,88805963038287 6,813284968850827
-9,217423742009853 2,5775293058451165
-4,765749317187307 9,70183397515521
-9,536801017483493 6,14034168492555
-1,766820714817805 6,415154413562529
-5,2905655677254035 7,6942634643183805
-5,942526374701373 5,068757591090193
-3,082745605721401 8,251443845448017
-5,238468703099528 6,591982763156136
-7,161711399379516 6,976383887116647
-7,173670390585173 6,986992468401077
-5,306979334289718 5,7050077211898715
-6,964879980674658 6,468286829158026
-4,247563843980723 9,4155799096146
-5,060036160335343 6,097861559946251
-9,531898191967883 3,3912771935578605
-3,2526464823971093 6,226194686686711
-5,137194629602563 9,43194880676087
-8,98725801917995 9,957690879827
-7,540032785568202 6,8028315796011505
-3,7944489355929494 9,882467109530566
-9,098642252413757 6,895724534027887
-9,615659697091793 9,871831842048763
-6,215645101485611 8,117442216086516
-6,474396451663637 6,557218347956613
-9,513926403570952 9,278532690783551
-7,018129428831008 6,125798157733321
-8,284955329439065 7,091856445098921
-6,130487152059073 4,45454332490738
-4,134004560083163 3,7043768601581406
-2,933804297043333 5,296769775272182
-4,095079318776794 3,083698707470602
-7,002032688753914 5,848185569328388
-7,112260135813378 5,060803258452033
-5,572029332052863 9,62139242490083
-6,626540871961311 4,118290662670737
-8,48943940050911 4,4421400742494
-10,840347412953868 7,307252570070086
-5,9256365494376295 6,799257495626612
-8,363346688561641 6,427891655484729
-8,296227652761708 6,916355708228095
-6,9442954179541445 4,74402341058493
-10,691774774045136 7,413144280174896
-6,695333551439484 9,420700010965009
-6,0708005643754355 6,954958741315398
-5,906346287422913 6,415103771132752
-9,109725035464713 7,945138146571427
-6,031927894811707 6,298100565920163
-6,088657016403401 11,022944324344149
-5,7327348978867345 2,665745383875106
-5,454458010777867 5,675800694904213
-6,3823254420522435 6,589860090053547
-10,50067534258562 9,237295576461726
-5,9972814307870355 2,922723657432666
-8,337865557428486 8,954830423224966
-3,9015088181070623 3,413280140171147
-6,213115097133895 10,618769233701869
-6,253927757277941 6,167075230680161
-10,799240865723796 6,526451261509374
-5,669907519161068 6,519929447857055
-6,285900803901139 3,7715588805400038
-9,564520872201156 5,132493601163597
-2,062982498564269 6,64122642986027
-5,124954037256502 6,841039658434084
-6,614514094553623 7,020419673493227
-5,6660621162780265 7,438986565544009
-8,236104012096616 5,2128452119471405
-7,066353213685404 3,1527414852847224
-7,8960068753786015 8,708289167829326
-4,721180610401778 4,982767905034431
-10,431855359961453 8,931734978338357
-2,079372610794297 7,5357465844148805
-9,545052220981036 3,1300714787557165
-6,501954450548123 6,623603500696843
-6,7771464211399515 7,008184399535158
-6,777741147932643 8,336029084841813
-6,446307901207128 6,624737420462069
-8,514447184642208 9,455397644496797
-5,982258415710466 10,45600633789409
-4,392815073966757 5,71784230935762
-2,966219532034392 6,112754419405508
-2,91889415411041 6,3314762992824125
-7,611998649121407 8,531794038640763
-3,6947619914821197 10,198623286962315
-7,3204410357217995 7,587591553605996
-8,277905721136982 5,55431567836677
-6,76713720670574 6,023119298438183
-7,185216073198092 7,273353989408949
-5,940174248722328 9,757297024716163
-3,1907281844929285 5,658345771939101
-6,851261597457259 6,252190008059486
-5,638262134340794 6,488422971013805
-1,6616079881684636 7,700633301487081
-2,601368508935992 9,538416255677461
-4,298923332275159 3,736106477718371
-8,264354259504803 7,5066863069499385
-6,54819642374753 6,785784436381947
-3,7575529038055677 10,506650064955476
-8,904975114211986 6,09402219314639
-10,433963620372575 4,106628440878682
-6,290660953381579 6,331688513726436
-5,6379632630408505 5,294391076525793
-6,789097251584202 5,467593972361928
-6,613008032667003 7,087213011166056
-7,8394823604684625 5,56413027436431
-4,317675920216292 2,6202926699510476
-8,110399998647168 7,268736792524079
-3,232146721565062 2,8114899813779943
-9,261627477861783 7,615382117857736
-6,278610680909688 3,0321559717086086
-4,216152712597834 7,194740040346005
-3,59883387714138 3,0769686708172244
-4,274610227301428 4,682133745435931
-5,424443077117029 4,7822273698165425
-4,132921382831277 4,455178845926882
-6,919707698257569 7,217819915050657
-3,5295351743414103 8,265183143374601
-5,619691711432743 6,518860391994204
-3,857429378038325 9,441460121946527
-8,118531134202668 5,849183977445855
-6,382583266125314 5,022715479589086
-9,832007670759904 7,869084753049754
-6,697457573428886 9,609352733415019
-6,744346469953168 7,06864020908658
-8,461414162983628 7,2297255471907995
-6,431496130240338 6,623755013201959
-5,743331355823248 2,98922418894694
-6,409696405216045 6,741543756157644
-6,671202836242198 6,610718629583364
-8,112895842235046 6,095247410690274
-5,050452234822718 6,024456768363033
-6,367543988509998 9,625032408460022
-9,732380483586514 3,115985212194223
-7,106203909901316 1,8131160655032579
-3,025517859873275 5,398514040427855
-2,904369904960983 4,916538164067928
-8,628040988489834 6,058743598092724
-9,428659188885879 4,951493080073625
-5,7215751931928125 5,910295628754652
-2,0232594456703366 6,284128590712637
-5,985184229325485 6,467772962720492
-10,315687723308322 6,036555844365941
-7,543595190792478 6,207199431307133
-6,089191525396604 4,574418580149933
-5,0785931472064645 9,874507249543662
-3,893619058717058 8,23163757161992
-6,385161945175803 7,634691048055088
-5,431410686444745 5,5700782276346565
-6,192930989367454 5,453185872283553
-2,990775491911572 3,9351128210058444
-9,721779925321977 4,857497694178267
-7,313090549562407 8,545413614102367
-6,317100263452142 9,747414740568283
-1,639206370129667 6,68394735911455
-6,480358208589476 6,449942915198893
-6,048778892833859 6,578144430874384
-5,2408971739202785 10,633364460781362
-6,319719820313794 6,154001101115434
-9,422191349911557 3,464111473085504
-6,542515830139948 5,914037181156588
-5,2221570691344645 5,758771527138312
-6,071921182365555 3,268961749102223
-4,491265822576702 7,111604157167678
-6,642319007558898 7,9050599205388465
-2,789839606750464 6,925481073199599
-10,194591591272989 4,342783625871813
-9,812517806166529 5,440393575876928
-4,565685190240012 3,0120346485067593
-7,169368853911754 4,623076189020648
-6,192449695221994 7,116065271869767
-6,398649446424904 7,486768826498714
-7,216336577124006 7,312928822898212
-9,187000404606039 6,688761921686947
-8,585180281115933 8,16252426615171
-3,969920322055559 5,303296295642357
-7,472089038840341 4,601141437649833
-8,762263824697733 8,538239468335188
-6,703882591353938 6,6166229529519445
-8,0222614496297 10,888526439680934
-3,421453673273041 5,157310252372705
-5,163301606970544 6,667575974959669
-3,995483555535628 5,274987217450841
-4,41330036819692 3,398043953023233
-5,33431015366099 9,60144305664839
-5,848194884760353 5,787870661745077
-5,740093796767105 6,115569345857325
-5,231202703111767 5,380880184755242
-4,640783343843084 4,768448203060762
-7,643239889819053 6,935052015420328
-7,2588072325389135 6,088388032552056
-5,761160467815157 7,727810714405571
-6,660770616493132 6,513978982627454
-6,401905425781549 6,633159420501242
-9,38238645043193 6,935256429848131
-3,4418497973995996 7,611201003220387
-7,819554589663964 8,189334143583324
-10,012162690032987 3,511186405635132
-6,393505587829313 3,7745513197791913
-8,13341689525606 9,30981709381559
-5,471068244959727 6,562977551224998
-5,8442512805428475 7,097999718151473
-8,522533655359428 2,683488090858147
-8,721388528262239 3,015486117915749
-6,388558056945976 9,004159147191492
-4,3784941637368 5,802564426342914
-8,774039571187691 5,993263230042856
-6,2821100963353365 2,0167829073958563
-6,2509485836377845 2,203844315317191
-6,2715943328710715 8,566891302296579
-7,629458058568668 10,173212056504891
-8,744467843440928 7,500968743770392
-3,035831728304304 3,3005503334444843
-8,563950743336433 10,564472049303557
-4,361339519683895 9,331688841445452
-6,507260685224408 4,818063154077855
-6,3177920722629075 6,877435181424545
-4,58083742898372 9,009696405431797
-10,98930283370689 5,872238044051449
-5,890169968111234 6,021252583973394
-6,4915930430634745 6,566106184666644
-8,266981527452758 4,1761580524293205
-9,186706925448245 7,059683914756811
-3,689439332701426 6,772250389501415
-9,083752763438216 5,680708947967255
-6,063693945160176 5,92086299878121
-7,346900234856141 7,939823968249642
-3,3856999795844422 5,394405522636706
-10,362895975465891 4,89689082086764
-6,415946477241002 9,99573183204488
-4,433797642940911 7,1758954121299166
-4,910212579155735 4,373706395220266
-4,739982117129997 4,855829557760238
-6,171986621334943 5,365931973398806
-2,5008404365708845 5,039480370533309
-9,145736930729829 2,3095606544534544
-5,050241774321066 4,289210116202328
-5,697151274128559 2,288969880510013
-4,444039857239861 4,260886598829414
-6,268840883624185 7,2146384524393214
-5,538080343031052 6,447050687238263
-7,128948563869685 7,396425630966814
-6,252708804247333 9,70041353944854
-6,039880998231028 7,122488379050464
-7,103494299127754 4,512339548830484
-6,239951280950148 6,755932132406909
-6,953396593545583 7,364215667667175
-4,251107965557566 5,733187439457944
-8,04539686893725 7,029032174383804
-6,692217815361448 10,441406725620048
-6,255401734337333 6,664971942317972
-6,651446036663474 2,2746523067452094
-6,265013281672754 5,037002415715161
-6,031298791274881 8,192077058087525
-9,768212945725647 3,997315377920385
-2,9778025225723734 5,545550312676239
-7,1732971653450965 5,689118525992719
-10,444896150903855 6,015611021324329
-7,141471687374035 5,232737490983705
-8,56017183519457 6,014286262567307
-6,360190589345914 5,487039203097439
-8,820434559357224 5,291454084957081
-6,705406597112006 7,476134417757978
-4,729585294429803 5,808326906427466
-1,9069326197821086 4,638507077921162
-7,155660036061263 6,3173624443445044
-7,927274340941656 9,363641999674485
-8,428626316153865 4,70804232363745
-7,627129099048501 10,529871046227942
-6,875472421188778 8,51489687069905
-6,8060699760095575 6,594098113297966
-8,134065630337144 7,445116293870048
-9,610165903747056 8,436654212179064
-3,474572434956171 7,823706344665677
-5,423930954747905 6,257217579952622
-4,648944189260336 4,694790555357742
-4,03729852288318 10,050855884759915
-9,847879649116532 7,935292497908676
-6,543697187765953 6,553447494517693
-3,1529997118684325 10,044406358600313
-4,929507289262383 2,9782180863482517
-4,957990915149491 8,234046794774164
-2,790570998583943 9,149083257776494
-8,715057249527504 5,0165031956782755
-8,430312972029375 7,338682823990191
-6,011094552570505 2,7073772556301354
-6,3033858939793985 6,771659340620816
-7,655866922465103 6,907505152881142
-2,2741208548972693 4,845163473247064
-2,1101456830320195 7,560327420334634
-3,690513914471724 3,721345599450032
-4,678956921060806 2,9580851910821653
-7,574984153325614 6,772404755670143
-7,909578429795408 6,718352978929808
-6,985991781810586 8,650623358966127
-6,063964962329619 5,16544880524077
-5,9189915536628295 8,00062168382365
-3,8352418260447596 6,210676754706644
-5,184725830453709 10,80667072854187
-4,554552325874448 10,011296678307097
-3,072382180878697 6,352448688051501
-7,483691411731108 8,590822513350593
-6,345721102212483 7,7985388283576045
-5,224431734821652 9,314920753137715
-6,282895483688945 6,723488311268598
-6,537764533622636 6,503483316998583
-6,567493213537486 6,553176108561569
-4,989719211302768 7,593141574660454
-6,705178988147457 9,864035192005996
-4,820785142107111 8,326095686741152
-10,562720705103619 7,987320293342907
-7,53554083686833 10,729419847183586
-9,912356024613338 9,311013335507349
-8,375885507161989 9,236702797728015
-3,127048448500877 9,17458602033157
-6,592910488063385 6,009624772656418
-6,819224202484879 7,291800920641699
-6,515443945459413 7,462062944138114
-4,673484983956796 8,794664845421593
-4,159689283577427 4,630782714259644
-6,3804591634407055 6,526139364652426
-6,41799317552011 7,2772392276831095
-6,6373058042960285 6,062083482199023
-5,244208206480041 10,799082194111367
-7,6735894565150105 9,09850534452885
-4,597456007085337 5,011191299658059
-7,535190842636799 4,289488539386289
-6,347683689314684 7,835787139740418
-7,776693801161483 3,252800721306526
-4,932532807844505 6,903746135175763
-4,036717028636527 2,2231509087453807
-6,05495804629588 3,476746948508091
-3,4360009464793864 4,493804172347236
-7,869265566279987 4,993490472331799
-5,616586898714736 7,310057069386671
-4,704547099341002 5,641100942039991
-8,225489712884446 3,899284557023262
-2,5429562051095433 4,908759976572111
-7,70225536149782 5,153790978123031
-6,785503386342107 8,576215635354831
-3,8424095002411525 5,986531672457557
-3,4961900946486875 8,128322580776661
-4,9418582537013815 5,841613126133698
-8,378241977188681 8,390341828607193
-6,342533006148088 6,385278548149612
-7,072523942724696 5,583195543529082
-3,5736998589702393 10,257028540362784
-3,232333631341453 5,821124649057387
-4,173035827338344 8,349525365519618
-7,09896053832449 6,223619466169819
-5,414723640542748 7,982931755367582
-7,2023193054696995 10,997307675631436
-3,257118590965428 9,004947949280753
-7,965921480260352 5,706293955902851
-2,1944103315771333 7,85388108884675
-9,090075387326593 6,260392783776843
-4,504406416680127 6,994173351445459
-10,380494117004535 8,621210389463254
-7,250343267242801 4,348147652737551
-5,476080659962451 3,3830427944589996
-9,810662865188457 5,241060871681087
-6,69002498244298 6,610129352774698
-6,127819967554988 8,162255136273341
-3,364071772200286 7,394672227340777
-3,798745144825727 6,6653969650784735
-11,320096788947367 6,8278472729164195
-6,155174819975572 7,6533789411928925
-6,375775194293691 6,644086694343192
-6,748199957982153 8,905113678234173
-9,319468202439355 7,449099766175053
-7,102100277561614 6,752708770737461
-7,992659508284776 1,8628974598397186
-4,3918890227494565 7,091608453924417
-7,2015369209553475 3,1126980080464155
-6,378217654800106 6,273397248347337
-4,775523246241141 7,074955172875567
-7,082792820914422 8,065582819533342
-10,331853393541124 5,596979912501473
-5,408026393443663 10,264889274649049
-5,876582861730735 3,7143596340338925
-4,008582042151097 8,884804839967618
-5,036910252213506 5,427871919663886
-8,091439348580913 3,5089911336928243
-8,604226819751641 6,272557228526668
-6,608100669656075 6,583773731048104
-7,502564154730834 4,350507217259821
-8,549077359348844 10,30444789340538
-7,52687862270312 5,85426153703811
-5,524857082516274 3,319207474436368
-7,2237572859416455 5,404587000775501
-10,085998045524732 6,773474704214387
-8,604990703763104 3,700033460558295
-7,657907102647454 8,486235001670785
-6,50502500969742 6,535265502738374
-6,48004856770126 6,4737846369924235
-11,05552175215024 5,553001508270931
-6,547650307417757 6,513822569146612
-5,619908534441709 6,998489194818592
-9,316319213215111 2,631498497562256
-2,0835496328771175 6,042602411337865
-10,01031125298164 6,585398543775822
-6,621512523491429 6,28555485423417
-5,740255526231969 5,709893012213926
-4,978485498144124 9,148859094672492
-6,693418775792695 4,378495692015676
-9,302036554456823 7,92949977731805
-5,759554927454742 6,780353953186835
-7,186890585554428 8,668948036406434
-4,118681019843134 3,853424666274843
-3,6873606464282798 10,314572735970184
-7,066151132618321 6,250499233518102
-10,05923918315693 9,272248916355712
-8,314388592378846 8,990242873298218
-6,2968790336660145 7,262012107053497
-4,796895815796457 8,864103005927909
-7,62496852144419 8,430698256611798
-7,387837626962161 7,3499258092329045