18
5187
347 406
157 212
389 458
526 567
590 680
64 118
39 70
576 657
482 513
421 468
488 524
287 369
271 340
459 495
430 502
484 519
43 72
128 138
173 190
475 563
15 32
51 103
59 129
178 216
497 529
374 451
532 553
577 599
463 504
655 673
681 694
616 644
603 663
101 164
549 563
182 253
317 360
408 442
41 78
102 115
280 309
566 601
232 270
305 394
174 224
124 160
594 624
608 687
227 253
382 444
535 579
318 385
71 159
256 327
358 443
52 91
674 698
481 567
190 279
22 93
384 461
192 250
318 374
240 280
327 409
342 389
583 669
314 345
180 251
339 395
173 203
626 664
458 506
118 204
289 330
456 488
474 506
121 161
686 702
185 273
397 428
393 478
205 222
462 538
236 298
180 236
410 484
669 695
32 72
326 356
234 284
548 618
42 90
48 118
636 654
423 448
484 505
153 212
263 279
570 643
376 465
677 689
479 544
289 306
574 629
620 693
588 660
322 334
583 612
557 645
335 375
90 178
416 461
462 531
144 204
483 531
529 556
12 84
665 682
122 162
149 229
289 379
213 263
260 330
553 643
176 252
633 651
264 310
670 703
138 228
37 121
351 429
204 286
301 373
58 111
130 211
217 303
485 568
486 503
470 496
244 327
452 515
453 495
220 247
271 304
332 420
509 595
627 683
527 614
538 562
150 176
600 653
574 624
240 277
619 632
471 553
572 640
190 220
582 629
594 683
513 571
394 437
441 469
143 165
95 122
249 318
148 195
426 494
495 558
444 456
257 309
692 707
234 273
345 387
168 186
379 455
36 66
17 85
29 112
232 270
630 711
407 433
518 532
420 451
631 662
194 234
81 147
220 263
502 522
463 516
420 469
237 249
392 477
602 660
553 565
146 192
160 222
559 603
400 472
158 214
169 242
540 615
681 697
691 707
650 663
606 619
482 526
86 156
46 82
632 714
111 184
397 418
170 232
10 31
14 79
279 336
217 300
260 323
145 210
604 656
163 182
466 547
220 234
419 458
625 658
463 519
632 693
656 686
98 118
589 602
448 513
250 328
67 93
209 260
279 339
635 703
179 191
288 309
321 377
367 433
616 632
341 402
91 136
404 433
640 684
104 132
675 718
320 351
544 584
588 643
537 552
564 581
450 489
378 456
676 688
432 470
397 415
647 709
245 333
433 458
528 549
239 256
198 280
459 477
5 27
10 53
67 88
255 332
705 718
48 83
207 293
578 598
360 397
343 355
703 717
285 340
102 139
334 361
237 315
657 706
132 149
558 638
512 587
238 276
146 167
509 537
516 588
576 640
48 117
645 672
146 226
608 696
605 683
544 612
632 686
435 506
571 614
442 477
572 644
417 462
435 503
255 328
147 227
87 103
357 386
329 378
232 320
436 451
600 618
513 540
636 692
661 687
54 121
674 694
493 520
370 412
464 524
254 315
150 207
653 672
312 388
399 479
82 96
137 194
666 713
397 441
528 553
365 432
704 716
618 720
160 204
646 666
406 448
479 540
438 511
561 581
519 559
315 329
107 117
655 704
208 236
551 594
651 686
238 304
670 680
367 456
315 328
213 255
441 469
361 448
392 462
31 65
323 387
397 468
464 516
358 394
508 590
670 691
657 671
425 475
59 98
696 714
455 481
478 539
172 184
344 378
303 362
261 282
141 175
374 415
460 485
154 188
632 720
125 186
552 641
339 370
584 638
617 651
580 590
690 713
290 328
523 534
349 375
551 609
417 434
64 78
684 704
331 396
640 695
28 61
611 677
563 649
675 686
360 414
305 365
116 127
612 625
207 246
502 547
223 309
285 361
330 351
413 479
140 174
558 636
218 228
578 655
476 491
572 602
604 614
116 199
138 198
569 591
610 694
640 700
679 708
301 388
103 190
463 487
638 718
234 299
143 203
670 719
389 429
117 157
658 685
700 713
301 311
444 505
50 81
292 319
334 373
399 481
192 211
570 644
171 240
91 117
544 624
161 189
270 327
560 600
137 168
336 386
30 109
591 625
311 400
671 707
492 523
584 646
598 720
601 636
94 182
358 384
211 280
591 602
138 171
28 71
493 536
351 436
514 568
286 324
530 554
453 530
282 293
383 395
83 162
663 714
591 647
268 325
244 274
63 80
686 709
577 659
102 131
632 666
35 92
158 241
181 264
83 173
659 689
561 585
522 612
321 386
620 666
292 378
378 462
308 328
282 306
416 435
317 383
626 686
390 418
341 416
115 158
153 182
296 382
457 514
604 655
155 213
144 171
529 582
524 555
293 371
114 132
678 718
89 172
528 552
399 472
594 625
701 714
498 587
593 625
440 469
257 328
544 621
34 55
410 473
648 684
440 490
489 576
354 432
222 300
321 399
131 188
571 609
575 602
530 545
452 494
259 341
225 269
531 568
414 479
676 709
606 720
193 238
9 32
669 715
511 587
637 676
443 526
290 313
672 687
27 71
400 422
692 702
183 270
64 91
609 659
195 232
220 288
521 538
209 244
109 196
591 653
521 539
565 619
94 178
214 234
642 659
692 718
566 720
467 507
449 513
586 643
103 172
510 538
306 394
560 649
372 448
355 429
80 129
237 311
411 495
91 117
239 297
254 284
700 715
688 698
212 263
248 287
709 719
504 530
37 70
578 588
353 366
391 465
584 663
205 269
200 266
236 269
11 32
483 513
572 662
375 415
445 514
279 299
239 259
112 194
17 87
667 702
376 451
52 129
209 271
459 546
162 231
616 696
494 508
54 98
705 716
66 88
431 498
598 661
494 575
56 69
511 542
598 720
390 413
287 356
700 719
596 636
433 454
604 629
673 694
389 475
218 291
347 432
493 534
450 516
107 167
33 116
96 123
8 80
298 369
329 418
275 346
709 719
22 102
497 524
192 266
274 336
583 665
480 497
524 583
111 195
625 653
57 67
617 628
685 706
516 551
617 699
662 698
255 343
84 122
558 631
545 607
484 510
30 85
390 440
599 675
569 585
9 71
649 673
215 291
611 720
657 682
295 382
575 639
85 96
585 637
21 70
301 381
490 562
666 694
697 707
479 557
208 232
173 204
158 228
112 153
268 347
584 648
61 118
645 693
561 596
638 702
646 681
34 84
335 422
154 173
597 640
128 170
638 696
22 86
315 348
605 648
215 304
172 246
657 720
621 664
86 150
438 524
165 227
668 684
594 682
578 658
209 241
486 503
114 136
372 445
126 215
263 273
317 335
249 259
266 326
138 166
98 148
289 313
651 663
142 178
261 310
415 426
419 501
64 153
316 370
159 184
398 459
370 404
72 134
699 713
491 509
630 702
20 60
178 257
269 315
535 588
410 420
229 271
645 710
65 89
555 594
342 399
390 473
73 139
308 333
45 127
224 266
528 593
85 157
589 675
192 236
683 693
82 148
406 420
574 595
527 577
478 524
81 135
130 195
343 378
97 171
464 499
128 193
275 316
615 702
490 520
167 205
523 589
148 232
346 425
456 494
275 286
219 306
292 321
518 579
526 559
302 390
663 686
339 370
665 699
408 474
498 522
538 576
424 436
255 318
375 455
483 518
292 356
311 388
60 103
451 471
442 490
701 715
563 641
344 376
609 681
212 243
374 429
495 545
43 90
435 495
89 161
156 226
505 558
313 326
649 696
182 253
216 285
125 211
516 549
245 334
394 416
264 316
541 611
620 709
616 668
533 556
243 325
566 583
520 596
421 501
145 217
653 709
259 330
224 276
58 96
277 350
566 656
485 524
112 126
441 510
659 689
100 164
235 268
189 221
407 440
613 631
400 446
88 109
593 624
398 421
447 513
337 427
17 90
123 171
406 486
597 653
695 711
551 594
400 415
480 513
195 285
306 394
210 263
338 349
633 649
621 699
378 391
341 420
506 565
561 619
584 663
704 714
338 401
8 18
23 110
124 166
477 524
560 594
176 214
326 342
599 660
250 326
105 151
489 555
546 576
614 654
160 191
688 712
184 241
374 402
463 477
170 197
77 138
361 374
600 647
16 34
142 219
386 450
375 398
55 141
56 104
231 290
333 413
677 697
108 192
377 430
83 124
183 271
159 172
287 371
114 183
342 409
441 514
122 181
607 694
621 650
694 708
326 367
510 533
591 629
664 714
589 631
95 108
226 281
672 688
220 251
586 618
135 190
500 578
231 263
571 627
98 130
568 648
461 538
75 96
628 678
93 155
330 346
562 635
689 709
612 687
369 442
672 704
262 334
523 560
328 373
467 488
537 605
659 690
72 112
225 265
377 420
43 62
413 449
291 351
292 377
439 515
334 360
0 83
315 403
240 297
207 234
22 91
283 322
586 637
471 488
85 164
19 32
606 682
370 437
499 543
176 225
156 212
535 560
412 498
278 344
516 542
324 410
218 295
685 702
23 95
217 243
120 134
532 579
135 148
20 48
626 704
132 189
621 664
651 670
377 457
164 238
169 249
419 457
402 422
445 530
90 162
40 110
139 227
54 72
164 240
374 413
235 246
540 622
220 286
569 620
303 325
424 498
364 431
290 325
190 243
79 169
567 579
222 249
6 54
241 288
645 656
294 343
614 634
217 287
110 159
657 692
174 216
446 471
63 124
264 346
599 656
180 265
255 279
451 474
408 446
463 524
585 614
489 504
230 306
514 588
529 594
385 399
93 129
668 715
141 160
401 468
611 682
59 105
404 442
492 539
77 121
187 246
129 161
373 403
531 558
64 83
10 71
106 188
409 454
36 105
61 100
626 652
30 101
94 151
29 99
522 595
21 68
124 138
442 483
467 496
238 299
539 586
503 517
576 625
301 362
460 481
126 188
611 664
320 394
333 361
625 658
254 273
24 57
660 670
44 124
385 405
25 40
386 440
129 180
490 529
496 530
227 311
621 694
270 319
145 223
616 662
245 298
575 620
367 405
463 490
555 602
533 546
636 699
684 706
374 439
431 515
196 281
564 611
258 309
149 179
27 66
644 700
31 66
458 543
499 526
194 213
174 186
533 580
461 509
87 176
152 206
577 662
177 249
625 720
137 193
617 651
173 216
335 367
477 546
196 266
5 68
32 75
11 80
271 359
21 52
235 301
627 708
322 369
110 158
166 239
445 523
465 475
63 130
313 356
652 720
163 222
55 143
3 69
221 254
248 324
701 711
411 464
468 522
120 206
522 582
534 581
151 169
149 206
570 643
184 227
620 664
641 674
166 203
286 348
335 360
147 187
649 665
357 370
180 217
195 224
577 653
405 449
293 371
188 201
223 275
707 718
698 718
463 538
461 520
524 561
127 193
53 64
654 716
209 245
612 632
706 718
135 192
685 701
242 257
234 257
26 59
658 706
308 391
15 86
299 368
69 156
228 277
103 160
496 583
309 354
218 233
485 565
692 711
296 330
255 333
7 92
142 163
156 233
3 83
439 529
107 136
607 691
428 443
405 474
18 63
666 696
239 309
216 254
523 540
551 568
517 542
321 372
10 95
136 217
290 346
682 717
282 336
597 639
580 600
123 213
185 267
624 664
441 507
598 687
682 709
567 612
604 615
334 345
440 462
617 648
290 374
219 305
557 638
396 434
597 676
665 717
213 259
345 406
245 277
561 581
415 430
585 655
357 414
403 456
461 546
38 74
301 362
18 81
237 291
587 641
518 542
454 479
278 366
388 416
357 441
499 538
707 719
270 356
151 206
18 87
38 61
687 710
397 477
232 272
412 494
349 386
317 336
499 582
396 469
151 167
217 247
31 66
607 686
220 260
476 519
211 251
61 150
116 158
480 524
118 164
591 621
233 252
234 289
200 272
303 386
578 631
538 623
437 470
54 110
77 129
151 201
510 536
388 478
463 488
583 648
1 41
202 253
264 313
285 330
170 212
491 531
290 336
608 720
521 587
393 469
10 72
486 537
62 120
395 442
662 685
375 414
61 132
589 678
470 511
416 487
666 701
34 113
192 248
640 659
311 381
707 717
130 189
146 223
642 691
263 291
13 56
444 516
545 574
110 169
23 42
302 362
482 499
105 125
28 49
237 282
484 568
145 214
102 137
409 452
430 453
531 604
340 406
439 512
131 207
149 172
160 231
673 692
705 719
371 394
101 178
129 161
642 677
394 467
619 634
652 677
114 172
393 405
581 605
300 371
396 469
602 640
598 668
381 421
175 236
151 200
68 110
378 468
201 250
239 270
413 455
678 719
551 635
304 378
222 253
135 181
70 125
360 437
606 685
67 114
172 235
279 319
442 493
542 592
465 536
28 116
516 545
120 198
627 640
121 186
682 707
343 428
568 618
330 358
24 96
398 458
654 689
623 700
418 449
33 66
103 158
304 353
368 443
428 487
590 617
254 330
573 604
208 234
455 523
206 277
310 372
171 228
103 181
666 697
630 689
369 432
148 219
290 304
76 131
73 124
525 545
543 627
649 711
688 703
581 646
113 188
455 520
37 110
582 634
634 645
434 506
434 495
394 467
167 254
55 127
230 248
201 230
246 300
188 278
191 249
64 140
649 661
189 228
62 103
307 339
21 43
388 452
292 313
646 666
601 616
188 221
697 716
192 226
38 126
412 452
251 276
59 69
217 259
164 225
696 713
211 255
286 348
378 432
570 658
17 45
697 710
313 334
193 264
659 720
144 183
469 524
656 669
420 495
676 719
326 396
665 701
560 638
118 174
200 285
258 279
555 606
546 582
221 232
461 518
504 579
439 455
359 379
476 497
683 702
641 713
339 402
610 681
528 610
9 44
456 495
478 550
655 665
118 183
174 216
118 202
510 521
296 349
511 581
349 407
164 195
238 316
269 280
440 513
107 164
329 395
494 507
464 518
144 226
451 503
410 429
537 623
35 55
36 51
1 37
287 367
642 707
386 430
465 476
231 241
254 302
631 720
569 614
331 384
453 468
177 256
308 330
88 150
176 246
115 166
598 685
77 115
19 81
80 142
578 638
354 423
157 200
529 572
564 581
671 716
57 112
591 618
400 429
515 571
390 460
90 114
239 289
541 583
385 429
672 694
280 301
160 176
158 212
386 435
297 326
696 713
118 136
382 397
373 394
627 649
601 688
705 719
152 202
83 166
198 287
494 531
2 41
51 66
599 682
567 595
451 518
698 719
131 151
376 391
353 424
381 453
322 386
554 602
495 558
122 182
401 481
255 304
322 353
503 558
31 104
624 702
13 65
432 475
63 86
695 707
400 438
312 400
316 377
19 49
508 536
307 391
94 163
556 633
65 117
420 480
179 225
419 438
512 594
578 658
681 710
361 390
701 719
409 489
19 105
228 279
673 694
219 259
250 338
0 46
348 409
125 181
60 144
276 359
478 565
60 146
631 675
611 670
397 451
324 350
668 716
492 534
280 305
461 526
477 489
136 191
185 269
507 591
199 259
32 115
299 382
583 655
340 388
130 162
585 624
275 313
371 446
463 552
204 275
287 353
56 98
489 577
216 288
690 715
589 606
619 674
600 638
1 75
579 637
565 589
493 544
416 490
608 720
471 532
533 586
32 115
506 541
57 68
708 718
631 670
484 561
304 352
698 718
10 33
28 97
650 705
127 177
159 178
464 498
628 695
648 702
522 540
588 661
632 686
151 203
536 566
473 527
220 267
248 268
152 232
608 624
611 656
688 700
184 273
700 710
163 183
678 716
285 328
131 173
296 351
274 323
338 393
248 291
588 602
551 634
11 89
52 142
691 717
393 404
319 369
551 605
256 271
511 526
512 586
339 361
318 347
116 181
28 51
634 670
194 241
651 692
689 714
71 88
51 84
562 636
378 426
159 215
145 218
426 450
649 705
324 348
543 582
26 54
4 81
352 380
698 717
373 383
158 194
350 361
373 432
127 193
522 547
403 441
567 639
362 400
70 114
476 505
560 644
1 67
525 595
121 184
418 437
601 720
448 534
700 718
664 700
256 302
68 147
104 143
648 698
532 553
476 511
277 367
553 586
254 285
615 677
181 253
81 146
653 705
526 612
244 268
109 122
305 328
265 289
653 673
655 710
328 381
357 417
116 128
507 529
544 623
404 455
629 709
691 704
139 188
676 707
541 617
600 667
339 382
483 500
388 400
30 105
581 660
671 714
590 612
309 344
133 177
489 541
686 702
421 437
657 709
508 528
140 199
384 448
525 583
111 179
444 478
11 50
250 307
504 585
363 439
593 621
27 69
649 702
553 598
673 708
586 600
234 311
602 664
489 565
290 378
462 522
522 548
334 359
258 270
70 121
662 715
237 257
380 414
8 77
295 358
351 429
251 331
438 474
34 50
578 601
644 663
189 266
137 153
192 274
638 673
225 243
57 104
365 441
510 536
375 426
424 498
270 289
567 622
67 113
480 540
128 183
389 419
42 106
151 234
403 435
599 630
296 376
656 690
148 219
651 710
362 415
613 684
40 129
596 667
645 655
103 167
701 715
305 394
135 194
423 500
616 690
51 61
5 22
602 671
637 666
556 631
359 414
666 678
13 32
35 52
358 376
57 140
102 150
550 601
330 362
69 95
193 245
355 382
512 542
147 179
234 294
696 712
586 652
612 641
156 171
440 476
86 161
348 407
402 426
89 106
166 215
583 630
608 695
379 462
223 249
551 610
434 489
274 318
452 470
359 398
420 450
232 320
648 677
437 525
14 41
48 126
448 524
144 219
29 117
441 501
57 69
106 172
512 558
296 335
252 265
433 512
28 61
358 409
100 154
246 257
123 144
340 404
432 467
368 380
8 76
277 359
498 508
515 553
600 672
301 322
493 563
49 60
50 88
418 495
493 555
442 475
202 268
301 339
398 487
457 506
249 282
635 667
488 534
182 248
442 481
162 239
398 438
426 495
97 152
458 474
520 544
563 625
422 502
289 312
492 547
666 699
212 230
61 129
653 698
592 611
154 234
326 383
415 427
72 101
12 37
284 338
181 263
429 507
499 511
692 707
693 709
478 560
564 628
665 686
501 560
140 194
69 92
630 705
673 710
331 401
272 341
530 604
284 346
134 178
104 173
72 131
438 511
168 196
525 574
662 678
328 345
528 612
155 165
92 117
339 368
19 40
143 178
300 326
178 218
668 707
182 254
708 718
311 391
611 690
57 142
533 607
213 258
589 617
625 655
259 347
282 351
586 627
530 603
414 436
334 348
497 519
599 623
47 60
404 427
116 191
466 553
243 312
261 295
146 178
307 366
357 409
410 447
647 672
217 239
105 158
33 92
101 131
205 254
636 679
114 138
679 718
659 718
586 596
615 694
568 643
679 708
430 457
633 681
392 433
57 68
483 502
351 397
108 146
651 697
708 718
680 706
231 293
560 573
478 497
339 416
231 309
709 719
662 710
171 203
379 389
420 430
6 50
62 127
549 565
517 546
250 299
66 147
394 454
568 595
653 691
278 361
86 128
492 556
311 392
372 405
303 381
298 384
642 672
372 425
163 218
331 355
502 585
680 719
528 561
2 75
137 213
559 600
503 543
244 311
252 295
243 257
663 689
296 371
388 465
267 335
94 149
460 477
200 257
429 439
436 509
361 431
9 28
517 582
510 525
671 713
274 363
54 84
539 622
433 451
358 420
524 543
48 106
97 123
43 109
34 93
404 462
246 300
208 258
458 494
677 693
232 279
478 542
497 575
188 199
289 316
424 510
599 689
25 83
219 275
388 478
417 495
609 696
85 152
557 578
670 713
46 57
509 553
153 233
213 226
46 136
696 712
382 392
423 512
507 588
232 303
16 97
470 546
181 205
420 483
155 242
672 697
450 479
637 673
83 150
537 597
343 381
99 152
708 719
335 370
231 259
330 407
7 79
565 602
173 240
185 210
196 261
225 273
135 179
439 470
513 566
510 590
52 106
127 185
35 117
619 633
183 222
645 693
270 357
215 291
70 92
668 685
444 455
25 97
30 68
247 325
584 607
466 543
261 313
191 204
654 701
229 257
165 237
584 627
151 212
418 467
599 629
466 484
655 709
574 607
202 223
194 212
312 357
508 583
660 719
597 621
406 446
474 545
433 488
372 445
155 216
110 183
315 390
495 525
80 145
474 544
210 280
195 261
120 204
71 107
489 536
93 121
631 652
514 570
350 378
677 716
646 687
58 93
95 149
532 587
104 132
449 517
520 534
96 142
488 571
530 598
595 684
274 335
304 316
198 236
335 400
336 415
31 107
275 331
400 432
14 103
407 433
474 502
116 166
132 156
79 136
394 446
425 447
449 534
46 120
493 543
253 323
119 195
301 350
6 90
690 700
375 387
679 705
505 570
667 718
455 485
71 112
413 460
276 319
671 702
580 591
632 664
97 183
272 339
427 453
374 391
429 443
621 682
30 111
406 475
179 240
695 716
311 355
385 398
346 419
296 374
103 117
490 524
597 629
170 244
428 473
62 132
344 417
230 288
214 300
488 514
180 199
299 372
662 705
88 164
151 170
356 422
704 717
431 510
664 679
398 414
131 187
29 70
553 580
380 394
667 697
638 716
142 186
21 42
412 476
216 303
133 218
152 162
577 608
258 320
549 597
127 160
393 478
540 570
164 226
496 531
228 243
455 531
95 120
526 550
398 420
659 670
269 313
605 634
392 450
133 191
584 613
694 716
498 528
353 403
406 424
509 547
202 235
471 518
268 343
705 716
65 130
418 508
168 234
604 694
343 391
96 157
568 651
242 321
341 389
400 470
210 267
101 123
32 44
347 418
37 79
27 73
653 700
17 88
126 193
39 120
401 448
685 709
285 346
588 673
569 601
392 469
140 166
648 683
136 165
202 288
220 273
318 368
444 528
225 266
41 56
62 85
196 218
225 289
7 61
599 632
553 626
693 710
290 347
124 166
534 588
579 624
371 390
440 454
348 435
623 650
393 409
57 124
226 312
305 337
269 318
642 675
632 710
661 682
57 118
112 159
134 149
495 527
549 609
568 585
133 213
495 531
377 464
615 720
589 648
482 562
6 44
454 513
648 709
537 596
355 384
122 133
192 268
80 97
707 719
304 368
657 704
350 435
381 395
223 246
257 283
612 677
43 127
566 582
310 363
502 577
451 465
275 313
156 183
399 416
663 715
270 353
57 140
47 131
154 178
613 689
224 254
132 174
641 651
691 713
652 678
380 468
691 702
284 366
699 715
215 273
543 559
591 665
349 383
686 714
619 661
679 698
621 639
596 607
686 699
424 494
173 226
370 396
247 331
129 162
530 575
592 651
620 677
400 467
263 347
239 250
558 626
390 403
384 468
75 143
654 702
156 231
395 444
234 308
590 633
494 552
98 171
376 442
321 355
549 569
243 299
708 718
309 358
546 576
61 80
512 573
510 570
621 697
634 714
90 144
212 257
63 91
539 590
194 256
681 715
27 41
610 648
466 528
466 521
362 416
589 635
661 717
63 92
130 217
74 146
617 680
286 305
347 393
167 184
485 553
573 596
92 131
387 464
642 655
211 285
262 301
15 33
665 711
25 47
284 297
206 286
306 353
605 628
303 329
237 316
361 443
441 465
692 709
707 718
21 51
225 297
255 332
330 389
446 535
204 248
348 387
357 380
224 283
8 55
145 230
351 361
509 565
29 44
247 318
256 291
541 602
43 91
694 716
687 718
336 367
43 63
280 346
168 184
115 131
298 313
180 269
144 227
475 518
74 99
12 85
120 134
650 699
310 389
218 280
622 672
196 280
556 642
596 671
156 216
62 87
526 609
196 211
436 494
82 95
430 447
537 555
121 196
295 365
683 715
492 564
249 307
697 711
483 546
286 360
629 640
49 91
369 392
412 495
656 687
529 588
435 518
239 278
94 173
197 286
32 101
522 609
358 413
611 662
590 650
323 390
621 631
332 419
92 105
155 238
669 705
433 478
659 702
132 171
390 470
169 227
382 446
451 496
96 153
604 645
619 704
651 661
122 158
634 667
43 65
165 242
702 717
473 560
202 256
48 71
456 472
252 284
682 696
333 376
404 475
129 193
231 295
531 564
437 486
220 293
662 700
389 463
67 79
339 362
68 82
306 321
481 502
19 55
363 440
221 257
453 506
422 494
626 687
70 114
62 147
108 127
690 706
418 451
335 392
166 247
87 112
31 45
121 159
424 491
557 597
687 718
362 435
487 570
182 237
284 349
695 706
104 189
424 477
499 543
181 228
292 333
447 505
505 546
684 713
80 112
44 123
435 493
135 193
189 271
281 361
580 668
115 131
189 221
217 229
85 155
183 266
312 399
139 214
526 608
167 214
491 553
705 716
82 157
468 549
176 186
246 262
230 263
28 52
84 160
696 710
133 161
252 284
154 175
79 110
163 240
668 691
413 448
467 545
312 324
325 362
570 602
65 83
208 225
237 282
568 640
376 419
68 81
193 276
434 521
458 529
108 133
111 156
633 662
225 257
161 248
486 575
381 442
633 652
324 387
60 114
533 591
124 136
43 88
590 651
30 86
648 684
152 174
37 103
353 417
613 637
174 234
561 642
316 332
666 702
678 710
222 262
355 409
455 513
180 249
476 545
485 533
346 375
499 542
41 88
622 639
50 117
185 215
241 308
183 207
667 677
567 598
241 300
247 304
526 582
402 466
1 81
67 88
290 364
311 388
561 582
546 613
703 717
93 148
331 346
263 319
315 381
540 599
206 232
161 193
674 696
196 236
82 116
133 146
24 104
667 707
115 172
268 346
168 228
65 99
172 202
244 271
137 148
423 505
139 181
26 96
537 563
253 284
344 414
117 190
370 450
391 457
353 363
705 719
314 386
269 345
698 711
351 431
310 322
519 576
519 596
645 663
279 325
461 473
96 155
551 588
47 79
671 690
593 720
528 572
509 531
531 615
1 39
631 673
237 292
631 681
673 686
207 258
546 607
500 516
68 146
258 274
629 688
519 547
609 627
547 559
116 203
568 595
266 324
289 334
498 516
316 397
149 224
285 368
245 322
466 519
359 394
473 514
561 583
540 566
161 178
284 348
182 251
640 714
213 272
121 200
457 543
248 295
230 250
459 476
432 468
184 258
125 201
559 628
472 519
588 613
15 89
247 283
480 540
143 206
260 273
78 140
302 356
278 293
312 394
620 640
30 79
577 594
521 609
200 237
252 262
483 544
371 453
201 233
640 717
630 719
14 59
258 294
236 265
239 321
370 425
20 53
200 218
212 301
491 523
408 481
280 326
150 179
158 205
46 97
82 101
10 96
628 676
444 484
332 354
114 191
438 450
264 275
256 286
553 580
344 396
664 693
196 208
124 214
439 500
97 178
178 255
91 137
270 355
267 337
542 626
653 684
394 451
348 423
174 217
167 189
92 166
326 367
269 313
656 689
696 709
367 447
154 216
319 405
111 192
676 713
353 416
631 697
617 630
22 55
355 436
55 125
3 27
27 83
614 629
235 305
660 702
603 683
401 437
459 547
377 400
133 170
707 719
489 529
5 66
97 120
43 59
249 281
82 124
274 315
366 401
660 682
647 679
698 711
548 637
454 520
239 327
190 235
114 200
562 627
693 712
185 232
584 597
598 635
201 223
303 355
83 134
572 657
459 492
277 339
617 686
263 294
137 177
204 241
338 410
481 529
222 232
479 506
98 175
488 564
471 493
241 328
682 707
303 369
699 712
87 102
563 583
281 337
68 81
52 71
291 372
178 238
428 464
346 366
464 524
505 565
209 260
90 158
573 646
519 549
66 117
631 660
507 546
144 230
241 292
376 444
545 592
129 150
83 169
339 427
631 674
364 388
123 196
213 271
84 167
191 266
148 185
266 283
24 80
579 632
352 421
595 685
495 578
683 716
360 413
177 228
390 430
232 281
89 116
138 227
243 312
321 407
475 554
378 448
25 101
526 579
185 254
350 435
185 253
150 230
3 56
45 132
397 430
418 464
518 535
103 128
705 716
87 173
576 665
553 589
214 304
89 134
537 570
127 144
198 228
23 84
396 413
676 689
244 254
703 716
584 631
28 52
22 79
49 72
245 257
99 180
297 326
423 509
117 190
419 502
560 629
110 193
691 705
126 142
650 691
578 663
423 492
640 683
560 576
392 476
492 505
90 102
51 108
240 266
668 706
573 649
376 431
601 656
279 294
453 464
11 52
37 64
14 87
305 365
236 322
446 536
579 601
489 556
628 659
78 111
404 450
612 661
247 312
150 164
8 48
491 536
23 43
398 441
102 121
585 653
265 287
12 49
328 338
3 54
684 697
542 565
546 613
626 657
71 138
642 694
11 26
236 326
632 658
671 706
78 112
428 469
398 484
224 307
688 709
40 72
336 382
291 325
246 277
200 261
663 704
408 439
413 472
431 510
344 397
164 215
324 352
612 643
243 319
447 490
659 711
528 616
295 364
248 321
698 710
542 582
194 275
632 644
234 261
533 557
533 557
325 371
689 718
616 696
210 245
73 163
637 696
417 500
28 72
30 42
516 584
104 177
25 38
298 349
637 720
368 434
570 659
690 712
83 122
434 475
620 658
624 662
188 237
501 533
400 489
657 716
582 635
316 351
153 211
0 64
289 341
563 607
483 517
396 478
620 706
500 566
65 148
511 546
22 74
307 381
431 459
657 707
354 381
134 192
67 130
579 610
232 258
267 312
281 331
663 700
667 677
339 390
56 137
251 313
555 570
141 173
503 576
79 130
145 197
19 89
93 147
146 206
34 100
614 703
580 633
468 521
470 494
653 688
415 443
152 189
383 459
8 28
230 246
561 645
528 618
539 562
101 186
190 275
427 443
488 504
410 479
512 527
628 662
469 542
233 244
590 617
680 707
181 254
395 449
120 198
313 397
598 677
270 341
402 484
166 253
210 283
574 646
188 271
51 62
439 511
129 189
197 213
237 269
163 193
532 554
364 450
260 335
368 400
630 712
361 421
579 644
531 576
116 168
293 369
577 654
566 586
647 695
483 552
305 365
274 285
575 632
649 720
105 124
604 623
181 238
292 322
418 476
415 478
316 403
465 550
145 182
702 719
290 319
679 718
179 241
581 613
388 458
284 367
312 329
220 248
329 339
4 61
88 155
661 708
650 703
422 473
667 716
703 715
632 671
52 70
548 631
298 311
118 151
615 632
618 706
281 335
556 590
359 384
706 716
578 613
150 217
74 103
470 490
669 693
592 654
567 652
670 719
437 486
381 422
387 430
170 211
562 617
127 177
152 183
514 529
369 438
80 95
509 543
134 161
191 275
44 102
273 318
23 44
32 76
471 500
479 506
94 177
271 314
576 658
148 172
127 161
405 483
327 382
186 249
665 708
397 483
168 238
480 510
445 522
609 620
245 322
707 718
467 507
306 377
199 264
438 492
448 488
558 612
477 558
241 307
656 674
588 674
109 156
695 713
632 651
361 425
265 332
279 307
250 298
32 87
573 590
543 619
682 700
138 223
123 185
429 462
415 446
103 128
52 66
195 242
183 208
494 520
261 271
175 226
220 295
356 425
47 82
55 113
101 162
311 337
534 621
85 155
225 266
338 393
105 123
570 655
419 505
161 241
594 648
292 313
218 249
620 670
120 171
339 362
573 629
368 410
448 520
207 247
583 612
534 603
66 150
531 605
627 676
78 119
565 586
569 647
294 321
574 604
629 720
580 644
477 487
88 162
291 320
544 563
647 716
288 356
659 694
565 598
703 719
691 703
644 713
90 149
97 144
341 398
531 585
159 173
485 569
121 154
402 478
57 133
682 692
119 166
81 123
560 629
523 556
642 718
647 689
633 676
687 719
235 261
164 193
47 116
279 336
663 689
685 701
683 714
616 633
92 178
520 556
138 152
583 634
661 704
632 642
189 231
603 661
270 335
14 90
611 643
290 312
180 211
697 714
613 650
609 656
497 523
1 36
629 655
46 57
85 149
633 682
81 158
361 381
571 623
313 349
606 676
141 211
285 363
214 268
434 495
521 555
242 330
150 202
412 500
590 646
457 527
9 64
1 78
58 89
215 300
144 201
129 219
506 563
342 390
255 341
406 427
477 506
451 503
664 678
209 219
480 537
688 701
502 580
318 382
28 50
430 502
269 316
319 331
257 313
625 635
246 260
471 555
95 113
669 688
417 441
448 520
177 249
337 349
295 384
175 218
382 424
303 376
180 236
333 418
152 228
363 404
599 641
150 169
304 318
604 633
564 578
148 184
523 606
119 172
618 637
706 717
111 187
63 120
46 111
505 594
172 193
343 433
483 539
141 181
276 328
644 655
149 207
91 127
342 371
111 130
17 82
677 702
74 144
545 633
30 67
522 610
581 647
122 192
471 497
56 124
147 177
255 323
117 194
584 607
160 224
92 162
624 652
108 173
272 322
181 263
310 364
539 615
139 163
570 600
577 660
471 519
422 487
182 257
613 684
548 607
449 496
708 718
608 651
497 527
197 272
107 178
227 241
402 414
518 598
315 371
601 690
3 39
462 491
415 428
439 493
449 475
75 117
673 711
9 88
106 194
545 593
425 506
641 652
66 101
88 126
245 316
611 631
54 90
448 538
45 58
403 426
112 122
51 130
631 644
398 450
351 430
404 441
594 617
633 700
530 584
51 64
600 656
57 121
499 546
141 172
503 542
122 203
359 415
74 84
667 692
107 162
494 579
424 461
554 567
35 124
238 324
399 415
385 409
189 260
645 693
12 84
646 662
58 120
703 714
247 274
489 572
474 496
83 146
680 718
380 422
617 682
205 257
88 163
339 379
432 449
626 675
323 353
397 458
292 314
492 574
155 176
343 433
427 449
71 91
39 71
77 138
578 643
116 162
131 178
337 396
72 119
173 252
116 171
542 626
185 249
287 342
511 564
134 169
445 526
78 142
455 526
461 514
391 462
534 557
271 305
220 298
222 289
556 646
393 453
589 646
498 521
594 668
455 542
447 504
195 260
655 716
58 71
217 257
33 107
156 179
401 489
450 537
359 441
219 262
226 250
510 556
589 634
621 668
696 712
343 422
484 516
531 621
623 674
564 625
360 408
204 222
5 51
183 210
670 683
114 184
285 362
399 445
523 579
489 523
128 141
333 357
534 572
180 212
515 566
81 115
327 372
234 261
521 594
247 290
58 94
148 206
101 184
166 200
136 176
522 576
469 521
3 39
43 93
388 446
68 113
531 548
28 51
384 404
18 60
518 581
595 664
577 601
506 521
96 180
479 511
463 523
225 251
117 181
607 652
369 450
652 699
619 638
142 219
198 215
639 683
480 544
388 467
137 199
374 386
161 240
629 641
283 361
33 94
466 516
103 186
467 537
319 364
587 601
686 702
157 215
139 217
68 146
352 388
575 646
453 516
574 664
208 229
510 565
40 93
175 203
649 694
415 432
46 83
455 507
126 195
164 174
405 473
297 343
193 249
363 393
226 292
438 457
512 590
647 657
92 166
66 131
56 110
426 449
361 437
461 486
244 283
313 397
561 643
577 654
455 535
59 101
562 623
387 418
625 672
58 121
467 536
283 295
486 528
622 664
602 616
106 142
346 394
55 101
104 184
37 107
68 139
448 501
326 375
540 628
511 537
525 540
0 27
250 290
242 284
153 180
282 365
339 423
690 703
483 570
668 713
150 232
646 661
370 433
45 134
113 129
429 519
194 242
550 609
225 243
464 552
370 443
703 715
405 468
397 466
239 319
473 489
428 448
242 316
17 78
140 203
538 612
208 262
587 597
227 240
190 278
284 364
449 523
386 454
662 712
242 280
592 605
193 253
629 695
290 318
381 433
459 531
166 179
416 436
661 675
83 168
97 145
167 180
472 493
104 122
208 222
503 582
48 92
631 677
564 607
336 408
140 188
320 351
429 517
133 156
594 639
650 679
682 707
624 677
525 600
476 522
534 579
111 122
309 349
12 91
368 418
286 368
611 687
446 467
299 316
428 456
192 212
264 351
103 189
675 712
659 714
245 303
522 563
126 213
490 521
662 673
237 289
453 498
454 487
479 496
639 667
436 478
538 586
166 219
703 714
134 212
297 328
334 385
448 526
78 144
97 135
320 338
560 610
455 535
708 719
4 42
74 129
491 560
143 214
49 112
278 295
398 487
403 482
463 500
208 235
22 99
547 625
285 341
261 325
99 146
3 85
481 495
91 172
576 623
102 141
498 514
551 615
341 403
246 294
141 181
136 204
289 305
574 659
627 688
392 409
338 367
388 469
306 359
66 139
349 430
416 471
284 370
640 698
166 203
652 669
486 573
671 695
670 707
267 278
355 369
315 358
600 617
399 468
254 341
608 676
363 384
580 614
648 720
618 720
518 572
345 376
80 109
128 186
143 227
221 266
614 646
11 87
424 437
499 585
116 140
312 324
584 638
456 525
641 686
640 664
636 691
701 714
40 125
295 352
480 522
12 38
432 509
382 430
166 190
23 62
441 504
348 405
333 390
580 669
296 309
354 399
374 459
432 491
158 243
522 557
411 423
190 266
127 166
123 156
558 596
103 129
577 650
611 654
679 716
225 297
27 77
114 125
395 456
603 685
363 434
587 676
248 320
366 424
616 691
569 610
376 406
641 680
632 661
377 403
663 707
201 285
236 304
489 554
290 348
670 707
313 357
607 649
312 346
21 32
561 588
460 476
333 388
41 112
11 68
11 92
513 536
275 329
665 675
83 173
61 148
601 678
236 301
394 454
395 453
37 105
513 582
52 136
404 430
26 62
259 285
189 228
414 436
104 141
268 341
606 651
628 666
653 699
49 98
345 431
21 107
682 707
458 469
237 266
517 556
639 712
422 449
39 81
708 719
123 181
198 217
13 70
684 705
303 318
414 499
73 91
531 608
202 258
253 328
552 720
678 717
681 713
413 455
641 677
309 386
247 310
344 383
610 679
497 507
625 689
600 614
124 149
444 530
197 251
329 379
399 484
631 644
528 549
544 597
337 391
548 622
649 672
191 269
407 422
115 181
29 87
634 701
100 140
491 517
137 148
555 605
427 441
339 369
298 326
44 109
6 77
461 482
166 256
592 682
455 544
93 162
440 512
142 215
314 347
32 114
288 308
703 714
510 581
394 466
229 284
225 294
687 710
610 674
207 229
548 614
152 167
206 242
238 271
572 645
330 363
330 342
568 591
242 310
340 362
474 547
324 414
533 614
574 596
88 158
565 623
182 267
85 101
8 33
78 127
25 62
81 157
501 528
145 178
412 466
660 682
629 695
552 602
137 210
379 436
346 387
576 630
161 237
705 715
230 269
47 104
460 520
524 564
59 120
461 509
625 677
67 94
623 676
150 197
608 650
288 373
385 419
326 375
327 340
532 618
255 275
205 294
426 468
43 108
32 103
119 199
234 267
610 660
8 30
180 265
485 513
171 233
19 50
578 668
280 343
655 666
157 198
348 363
372 435
388 452
669 719
619 668
459 495
23 42
448 500
156 234
186 222
335 352
636 691
327 344
102 139
490 575
278 321
617 628
119 190
160 240
562 601
629 653
520 547
103 177
136 187
363 392
36 72
449 496
448 469
630 663
380 468
125 190
393 408
288 370
73 151
158 235
10 76
24 106
197 276
655 712
567 617
96 160
298 320
593 653
86 165
184 247
481 565
562 624
389 444
167 253
226 275
589 638
524 583
132 154
106 160
229 319
326 374
598 675
291 366
645 713
684 698
706 717
484 528
239 253
228 291
195 248
491 517
592 654
393 408
414 433
406 490
615 691
340 372
440 496
277 364
118 134
283 362
670 702
35 81
209 237
603 682
425 465
205 294
502 591
327 412
430 484
519 600
375 432
106 160
382 419
388 400
418 456
652 675
151 211
7 35
42 99
252 311
524 594
463 498
160 230
180 215
252 315
193 232
396 438
607 634
164 221
106 135
612 675
493 570
330 355
360 379
641 674
595 665
545 588
666 720
494 543
105 118
492 580
122 207
306 337
148 162
564 636
569 640
283 315
608 654
396 473
375 425
594 720
348 393
128 142
63 106
369 442
520 546
636 687
233 313
295 353
218 243
112 150
50 101
269 282
297 338
152 229
178 206
235 288
558 636
161 210
615 625
421 477
160 203
420 435
233 286
169 223
241 297
208 254
403 437
30 49
225 315
407 494
71 107
187 212
603 643
254 277
234 286
661 697
273 316
680 708
341 427
415 448
537 610
287 318
161 195
585 611
441 513
158 223
492 519
422 498
253 287
652 720
443 503
468 548
536 583
376 448
164 184
577 615
554 594
136 146
415 499
249 274
70 103
144 170
709 719
28 108
120 175
229 311
654 698
551 624
66 103
399 436
370 441
201 247
0 56
440 526
334 397
157 222
703 718
340 372
186 214
439 472
154 219
621 708
78 108
578 622
180 249
39 82
686 711
544 628
262 309
63 143
160 250
137 155
664 699
371 431
427 503
267 355
190 242
103 119
404 453
345 400
629 643
19 99
587 665
329 344
433 499
12 35
359 385
402 481
608 652
577 638
459 470
578 639
312 331
663 680
614 637
86 128
2 78
254 323
267 357
530 604
126 208
78 129
170 238
180 231
655 690
55 125
458 547
497 583
709 720
496 575
494 583
693 715
227 272
64 128
31 95
282 320
186 204
100 120
371 441
510 569
231 272
541 607
676 707
467 480
616 649
486 521
195 225
223 277
513 533
178 212
488 548
655 694
123 180
211 259
467 513
615 698
411 459
659 690
14 81
404 441
142 211
429 511
418 469
38 106
295 362
166 236
196 216
239 256
602 689
577 650
673 688
469 535
624 682
201 277
218 297
248 297
163 240
26 104
303 331
645 684
274 315
75 159
210 275
593 683
166 242
369 422
242 313
386 437
277 311
120 152
126 214
78 89
357 431
89 103
91 157
96 108
648 662
352 437
334 344
468 540
522 601
314 380
645 659
87 127
118 195
406 459
462 550
515 569
313 334
58 75
399 439
28 66
246 287
385 409
7 85
512 522
394 441
355 427
586 619
278 354
632 665
335 373
4 94
164 226
463 542
305 319
99 109
281 365
587 631
704 720
187 270
452 484
552 621
415 432
543 581
26 49
177 202
433 495
496 566
529 551
394 475
185 240
573 584
417 454
316 347
304 391
670 689
407 473
539 557
508 554
693 709
108 170
201 289
336 386
464 543
288 370
691 708
250 298
356 445
468 526
473 543
592 605
387 400
569 627
485 520
367 379
445 470
655 714
616 698
664 708
605 635
596 635
199 251
378 423
544 587
288 334
399 473
669 720
621 645
480 520
342 419
488 577
492 534
678 707
220 283
209 271
99 113
67 141
412 488
485 557
360 436
607 676
411 421
628 699
524 589
334 373
342 405
505 545
682 697
37 123
348 429
281 359
650 698
112 129
189 211
634 690
383 393
80 104
537 612
570 617
693 715
125 195
337 416
553 634
172 201
507 548
293 349
506 537
58 105
467 521
698 718
247 296
701 711
508 567
143 207
555 599
611 659
169 203
574 589
222 251
218 257
153 177
45 119
281 366
333 362
626 651
453 495
597 660
488 576
384 430
128 157
454 480
147 190
451 470
702 720
164 215
703 713
470 514
677 718
333 398
235 309
237 303
233 309
439 527
299 339
490 579
606 667
592 652
248 338
610 670
608 697
230 313
621 641
430 499
629 647
220 262
638 689
523 598
197 278
392 460
329 393
507 552
617 693
182 256
655 682
343 398
310 387
337 375
164 185
236 299
558 606
591 679
208 245
57 89
514 540
320 367
416 465
369 424
211 236
624 699
244 316
78 126
399 433
578 666
367 430
475 555
345 425
354 367
442 463
59 111
601 655
593 610
487 550
540 595
658 673
224 287
63 76
105 160
213 265
428 457
89 128
578 667
680 691
245 290
567 591
368 410
508 523
658 692
19 106
576 595
362 443
637 655
109 174
697 719
705 717
77 102
324 414
480 514
196 275
328 361
445 494
82 156
418 461
608 634
51 98
37 100
350 421
115 188
303 361
8 72
170 234
50 133
534 571
353 391
73 161
3 93
219 284
682 718
633 694
569 615
93 148
516 565
651 669
638 676
99 130
396 413
615 664
287 312
58 91
644 668
107 156
593 620
475 520
229 251
266 329
651 665
207 272
622 643
313 332
222 299
227 279
347 428
468 556
131 205
507 593
70 94
532 551
194 244
483 515
627 654
557 618
85 168
484 521
496 551
538 618
636 653
316 374
321 358
68 120
90 141
573 623
57 107
130 214
69 100
240 322
168 235
476 491
419 472
322 378
95 158
567 584
187 273
667 685
205 243
22 100
523 611
187 257
396 415
528 544
680 714
462 552
273 307
602 616
72 150
37 110
662 717
191 202
509 583
355 406
623 639
653 674
366 392
650 669
414 455
613 698
184 260
496 546
557 630
439 529
557 641
261 343
206 294
647 660
271 321
646 708
85 112
429 463
463 536
448 530
318 339
218 307
660 682
367 443
224 272
384 471
157 193
114 154
89 140
219 297
367 422
564 625
341 411
116 126
707 720
34 73
97 129
144 173
489 555
520 546
402 436
7 60
312 394
447 534
42 61
108 153
221 291
630 686
178 204
647 706
253 323
17 63
673 709
486 561
405 449
364 445
275 287
565 632
49 133
130 204
366 447
521 576
423 457
461 477
705 717
59 101
506 558
201 254
367 410
51 123
572 597
457 528
393 452
454 486
58 129
429 489
706 718
47 64
341 356
504 520
227 275
398 473
694 704
240 329
651 692
477 539
69 117
177 242
692 713
560 628
69 99
693 704
523 533
302 376
197 254
549 584
475 510
315 395
188 245
260 270
34 107
147 191
641 701
402 444
56 76
645 711
212 231
7 59
619 709
511 560
201 245
527 551
51 137
245 309
513 533
176 233
359 446
202 273
592 640
391 445
197 262
580 623
561 634
531 589
415 491
105 162
279 326
499 548
284 341
653 706
350 385
88 140
91 171
480 526
71 159
32 106
450 506
613 635
511 563
389 438
433 471
201 239
291 321
656 667
297 346
200 284
306 364
383 448
436 451
280 366
465 496
428 475
551 633
27 97
461 496
38 101
49 103
627 680
73 111
269 319
709 719
219 258
176 196
509 536
138 167
61 129
604 637
146 208
279 320
416 440
56 129
270 349
106 187
54 138
120 158
694 709
213 256
149 197
378 426
32 116
337 422
396 410
437 483
605 635
84 145
389 426
136 169
422 476
634 698
593 661
108 120
166 235
664 716
18 64
202 214
612 663
42 83
145 161
133 165
577 638
586 648
230 311
430 453
48 136
277 350
110 182
215 300
586 624
46 105
83 149
149 201
243 308
383 424
427 515
265 297
605 670
440 476
180 209
499 569
116 187
114 125
502 530
199 252
205 263
530 547
283 342
145 163
443 491
457 519
649 671
223 250
341 383
392 429
605 675
522 598
660 696
560 605
465 491
164 235
237 267
93 133
3 62
658 697
321 366
512 596
287 357
357 437
553 615
187 264
254 293
367 393
309 391
170 218
501 558
558 627
15 47
603 617
653 713
170 184
427 475
402 460
380 400
692 717
183 207
700 715
66 118
693 720
192 205
415 490
